66 1547799523 74.000000 -1.000000 -101.000000 0.000000 0.000000
66 1547799524 74.000000 -1.000000 -101.000000 0.000000 0.000000
71 1547799523 74.000000 -1.000000 -101.000000 0.000000 0.000000
71 1547799524 74.000000 -1.000000 -101.000000 0.000000 0.000000
66 1547799525 74.000000 -1.000000 -101.000000 0.000000 0.000000
66 1547799526 74.000000 -1.000000 -101.000000 0.000000 0.000000
66 1547799527 74.000000 -1.000000 -101.000000 0.000000 0.000000
66 1547799528 127.800000 -1.000000 -101.000000 0.000000 0.000000
66 1547799529 127.800000 -1.000000 -101.000000 0.000000 0.000000
71 1547799525 74.000000 -1.000000 -101.000000 0.000000 0.000000
71 1547799526 74.000000 -1.000000 -101.000000 0.000000 0.000000
71 1547799527 74.000000 -1.000000 -101.000000 0.000000 0.000000
71 1547799528 127.800000 -1.000000 -101.000000 0.000000 0.000000
71 1547799529 127.800000 -1.000000 -101.000000 0.000000 0.000000
66 1547799530 127.800000 -1.000000 -101.000000 0.000000 0.000000
66 1547799531 127.800000 -1.000000 -101.000000 0.000000 0.000000
66 1547799532 127.800000 -1.000000 -101.000000 0.000000 0.000000
66 1547799533 133.200000 -1.000000 -101.000000 0.000000 0.000000
66 1547799534 133.200000 -1.000000 -101.000000 0.000000 0.000000
71 1547799530 127.800000 -1.000000 -101.000000 0.000000 0.000000
71 1547799531 127.800000 -1.000000 -101.000000 0.000000 0.000000
71 1547799532 127.800000 -1.000000 -101.000000 0.000000 0.000000
71 1547799533 133.200000 -1.000000 -101.000000 0.000000 0.000000
71 1547799534 133.200000 -1.000000 -101.000000 0.000000 0.000000
66 1547799535 133.200000 -1.000000 -101.000000 0.000000 0.000000
66 1547799536 133.200000 -1.000000 -101.000000 0.000000 0.000000
66 1547799537 133.200000 -1.000000 -101.000000 0.000000 0.000000
66 1547799538 135.800000 -1.000000 -101.000000 0.000000 0.000000
66 1547799539 135.800000 -1.000000 -101.000000 0.000000 0.000000
71 1547799535 133.200000 -1.000000 -101.000000 0.000000 0.000000
71 1547799536 133.200000 -1.000000 -101.000000 0.000000 0.000000
71 1547799537 133.200000 -1.000000 -101.000000 0.000000 0.000000
71 1547799538 135.800000 -1.000000 -101.000000 0.000000 0.000000
71 1547799539 135.800000 -1.000000 -101.000000 0.000000 0.000000
66 1547799540 135.800000 -1.000000 -101.000000 0.000000 0.000000
66 1547799541 135.800000 -1.000000 -101.000000 0.000000 0.000000
66 1547799542 135.800000 -1.000000 -101.000000 0.000000 0.000000
66 1547799543 136.800000 -1.000000 -101.000000 0.000000 0.000000
66 1547799544 136.800000 -1.000000 -101.000000 0.000000 0.000000
71 1547799540 135.800000 -1.000000 -101.000000 0.000000 0.000000
71 1547799541 135.800000 -1.000000 -101.000000 0.000000 0.000000
71 1547799542 135.800000 -1.000000 -101.000000 0.000000 0.000000
71 1547799543 136.800000 -1.000000 -101.000000 0.000000 0.000000
71 1547799544 136.800000 -1.000000 -101.000000 0.000000 0.000000
66 1547799545 136.800000 -1.000000 -101.000000 0.000000 0.000000
66 1547799546 136.800000 -1.000000 -101.000000 0.000000 0.000000
66 1547799547 136.800000 -1.000000 -101.000000 0.000000 0.000000
66 1547799548 138.600000 -1.000000 -101.000000 0.000000 0.000000
66 1547799549 138.600000 -1.000000 -101.000000 0.000000 0.000000
71 1547799545 136.800000 -1.000000 -101.000000 0.000000 0.000000
71 1547799546 136.800000 -1.000000 -101.000000 0.000000 0.000000
71 1547799547 136.800000 -1.000000 -101.000000 0.000000 0.000000
71 1547799548 138.600000 -1.000000 -101.000000 0.000000 0.000000
71 1547799549 138.600000 -1.000000 -101.000000 0.000000 0.000000
66 1547799550 138.600000 -1.000000 -101.000000 0.000000 0.000000
66 1547799551 138.600000 -1.000000 -101.000000 0.000000 0.000000
66 1547799552 138.600000 -1.000000 -101.000000 0.000000 0.000000
66 1547799553 142.000000 -1.000000 -101.000000 0.000000 0.000000
66 1547799554 142.000000 -1.000000 -101.000000 0.000000 0.000000
71 1547799550 138.600000 -1.000000 -101.000000 0.000000 0.000000
71 1547799551 138.600000 -1.000000 -101.000000 0.000000 0.000000
71 1547799552 138.600000 -1.000000 -101.000000 0.000000 0.000000
71 1547799553 142.000000 -1.000000 -101.000000 0.000000 0.000000
71 1547799554 142.000000 -1.000000 -101.000000 0.000000 0.000000
66 1547799555 142.000000 -1.000000 -101.000000 0.000000 0.000000
66 1547799556 142.000000 -1.000000 -101.000000 0.000000 0.000000
66 1547799557 142.000000 -1.000000 -101.000000 0.000000 0.000000
66 1547799558 142.000000 -1.000000 -101.000000 0.000000 0.000000
66 1547799559 142.000000 -1.000000 -101.000000 0.000000 0.000000
71 1547799555 142.000000 -1.000000 -101.000000 0.000000 0.000000
71 1547799556 142.000000 -1.000000 -101.000000 0.000000 0.000000
71 1547799557 142.000000 -1.000000 -101.000000 0.000000 0.000000
71 1547799558 142.000000 -1.000000 -101.000000 0.000000 0.000000
71 1547799559 142.000000 -1.000000 -101.000000 0.000000 0.000000
66 1547799560 142.000000 -1.000000 -101.000000 0.000000 0.000000
66 1547799561 142.000000 -1.000000 -101.000000 0.000000 0.000000
66 1547799562 142.000000 -1.000000 -101.000000 0.000000 0.000000
66 1547799563 138.400000 -1.000000 -101.000000 0.000000 0.000000
66 1547799564 138.400000 -1.000000 -101.000000 0.000000 0.000000
71 1547799560 142.000000 -1.000000 -101.000000 0.000000 0.000000
71 1547799561 142.000000 -1.000000 -101.000000 0.000000 0.000000
71 1547799562 142.000000 -1.000000 -101.000000 0.000000 0.000000
71 1547799563 138.400000 -1.000000 -101.000000 0.000000 0.000000
71 1547799564 138.400000 -1.000000 -101.000000 0.000000 0.000000
66 1547799565 138.400000 -1.000000 -101.000000 0.000000 0.000000
66 1547799566 138.400000 -1.000000 -101.000000 0.000000 0.000000
66 1547799567 138.400000 -1.000000 -101.000000 0.000000 0.000000
66 1547799568 142.400000 -1.000000 -101.000000 0.000000 0.000000
66 1547799569 142.400000 -1.000000 -101.000000 0.000000 0.000000
71 1547799565 138.400000 -1.000000 -101.000000 0.000000 0.000000
71 1547799566 138.400000 -1.000000 -101.000000 0.000000 0.000000
71 1547799567 138.400000 -1.000000 -101.000000 0.000000 0.000000
71 1547799568 142.400000 -1.000000 -101.000000 0.000000 0.000000
71 1547799569 142.400000 -1.000000 -101.000000 0.000000 0.000000
66 1547799570 142.400000 -1.000000 -101.000000 0.000000 0.000000
66 1547799571 142.400000 -1.000000 -101.000000 0.000000 0.000000
66 1547799572 142.400000 -1.000000 -101.000000 0.000000 0.000000
66 1547799573 138.800000 -1.000000 -101.000000 0.000000 0.000000
66 1547799574 138.800000 -1.000000 -101.000000 0.000000 0.000000
71 1547799570 142.400000 -1.000000 -101.000000 0.000000 0.000000
71 1547799571 142.400000 -1.000000 -101.000000 0.000000 0.000000
71 1547799572 142.400000 -1.000000 -101.000000 0.000000 0.000000
71 1547799573 138.800000 -1.000000 -101.000000 0.000000 0.000000
71 1547799574 138.800000 -1.000000 -101.000000 0.000000 0.000000
66 1547799575 138.800000 -1.000000 -101.000000 0.000000 0.000000
66 1547799576 138.800000 -1.000000 -101.000000 0.000000 0.000000
66 1547799577 138.800000 -1.000000 -101.000000 0.000000 0.000000
66 1547799578 144.000000 -1.000000 -101.000000 0.000000 0.000000
66 1547799579 144.000000 -1.000000 -101.000000 0.000000 0.000000
71 1547799575 138.800000 -1.000000 -101.000000 0.000000 0.000000
71 1547799576 138.800000 -1.000000 -101.000000 0.000000 0.000000
71 1547799577 138.800000 -1.000000 -101.000000 0.000000 0.000000
71 1547799578 144.000000 -1.000000 -101.000000 0.000000 0.000000
71 1547799579 144.000000 -1.000000 -101.000000 0.000000 0.000000
66 1547799580 144.000000 -1.000000 -101.000000 0.000000 0.000000
66 1547799581 144.000000 -1.000000 -101.000000 0.000000 0.000000
66 1547799582 144.000000 -1.000000 -101.000000 0.000000 0.000000
66 1547799583 142.200000 -1.000000 -101.000000 0.000000 0.000000
66 1547799584 142.200000 -1.000000 -101.000000 0.000000 0.000000
71 1547799580 144.000000 -1.000000 -101.000000 0.000000 0.000000
71 1547799581 144.000000 -1.000000 -101.000000 0.000000 0.000000
71 1547799582 144.000000 -1.000000 -101.000000 0.000000 0.000000
71 1547799583 142.200000 -1.000000 -101.000000 0.000000 0.000000
71 1547799584 142.200000 -1.000000 -101.000000 0.000000 0.000000
66 1547799585 142.200000 -1.000000 -101.000000 0.000000 0.000000
66 1547799586 142.200000 -1.000000 -101.000000 0.000000 0.000000
66 1547799587 142.200000 -1.000000 -101.000000 0.000000 0.000000
66 1547799588 145.000000 -1.000000 -101.000000 0.000000 0.000000
66 1547799589 145.000000 -1.000000 -101.000000 0.000000 0.000000
66 1547799590 145.000000 -1.000000 -101.000000 0.000000 0.000000
71 1547799585 142.200000 -1.000000 -101.000000 0.000000 0.000000
71 1547799586 142.200000 -1.000000 -101.000000 0.000000 0.000000
71 1547799587 142.200000 -1.000000 -101.000000 0.000000 0.000000
71 1547799588 145.000000 -1.000000 -101.000000 0.000000 0.000000
71 1547799589 145.000000 -1.000000 -101.000000 0.000000 0.000000
71 1547799590 145.000000 -1.000000 -101.000000 0.000000 0.000000
66 1547799591 145.000000 -1.000000 -101.000000 0.000000 0.000000
66 1547799592 145.000000 -1.000000 -101.000000 0.000000 0.000000
66 1547799593 154.000000 -1.000000 -101.000000 0.000000 0.000000
66 1547799594 154.000000 -1.000000 -101.000000 0.000000 0.000000
71 1547799591 145.000000 -1.000000 -101.000000 0.000000 0.000000
71 1547799592 145.000000 -1.000000 -101.000000 0.000000 0.000000
71 1547799593 154.000000 -1.000000 -101.000000 0.000000 0.000000
71 1547799594 154.000000 -1.000000 -101.000000 0.000000 0.000000
66 1547799657 99.200000 -1.000000 99.200000 99.200000 0.000000
66 1547799656 99.200000 -1.000000 99.200000 99.200000 0.000000
66 1547799655 99.200000 -1.000000 99.200000 99.200000 0.000000
66 1547799654 99.200000 -1.000000 99.200000 99.200000 0.000000
66 1547799653 99.200000 -1.000000 99.200000 99.200000 0.000000
66 1547799652 148.600000 -1.000000 148.600000 148.600000 0.000000
66 1547799651 148.600000 -1.000000 148.600000 148.600000 0.000000
66 1547799650 148.600000 -1.000000 148.600000 148.600000 0.000000
66 1547799649 148.600000 -1.000000 148.600000 148.600000 0.000000
66 1547799648 148.600000 -1.000000 148.600000 148.600000 0.000000
66 1547799647 148.600000 -1.000000 148.600000 148.600000 0.000000
66 1547799646 148.600000 -1.000000 148.600000 148.600000 0.000000
66 1547799645 148.600000 -1.000000 148.600000 148.600000 0.000000
66 1547799644 148.600000 -1.000000 148.600000 148.600000 0.000000
66 1547799643 148.600000 -1.000000 148.600000 148.600000 0.000000
66 1547799642 149.400000 -1.000000 149.400000 149.400000 0.000000
66 1547799641 149.400000 -1.000000 149.400000 149.400000 0.000000
66 1547799640 149.400000 -1.000000 149.400000 149.400000 0.000000
66 1547799639 149.400000 -1.000000 149.400000 149.400000 0.000000
66 1547799638 149.400000 -1.000000 149.400000 149.400000 0.000000
66 1547799637 149.200000 -1.000000 149.200000 149.200000 0.000000
66 1547799636 149.200000 -1.000000 149.200000 149.200000 0.000000
66 1547799635 149.200000 -1.000000 149.200000 149.200000 0.000000
66 1547799634 149.200000 -1.000000 149.200000 149.200000 0.000000
66 1547799633 149.200000 -1.000000 149.200000 149.200000 0.000000
66 1547799632 149.800000 -1.000000 149.800000 149.800000 0.000000
66 1547799631 149.800000 -1.000000 149.800000 149.800000 0.000000
66 1547799630 149.800000 -1.000000 149.800000 149.800000 0.000000
66 1547799629 149.800000 -1.000000 149.800000 149.800000 0.000000
66 1547799628 149.800000 -1.000000 149.800000 149.800000 0.000000
66 1547799627 153.200000 -1.000000 153.200000 153.200000 0.000000
66 1547799626 153.200000 -1.000000 153.200000 153.200000 0.000000
66 1547799625 153.200000 -1.000000 153.200000 153.200000 0.000000
66 1547799624 153.200000 -1.000000 153.200000 153.200000 0.000000
66 1547799623 153.200000 -1.000000 153.200000 153.200000 0.000000
66 1547799622 156.400000 -1.000000 156.400000 156.400000 0.000000
66 1547799621 156.400000 -1.000000 156.400000 156.400000 0.000000
66 1547799620 156.400000 -1.000000 156.400000 156.400000 0.000000
66 1547799619 156.400000 -1.000000 156.400000 156.400000 0.000000
66 1547799618 156.400000 -1.000000 156.400000 156.400000 0.000000
66 1547799617 152.000000 -1.000000 152.000000 152.000000 0.000000
66 1547799616 152.000000 -1.000000 152.000000 152.000000 0.000000
66 1547799615 152.000000 -1.000000 152.000000 152.000000 0.000000
66 1547799614 152.000000 -1.000000 152.000000 152.000000 0.000000
66 1547799613 152.000000 -1.000000 152.000000 152.000000 0.000000
66 1547799612 156.400000 -1.000000 156.400000 156.400000 0.000000
66 1547799611 156.400000 -1.000000 156.400000 156.400000 0.000000
66 1547799610 156.400000 -1.000000 156.400000 156.400000 0.000000
66 1547799609 156.400000 -1.000000 156.400000 156.400000 0.000000
66 1547799608 156.400000 -1.000000 156.400000 156.400000 0.000000
66 1547799607 149.800000 -1.000000 149.800000 149.800000 0.000000
66 1547799606 149.800000 -1.000000 149.800000 149.800000 0.000000
66 1547799605 149.800000 -1.000000 149.800000 149.800000 0.000000
66 1547799604 149.800000 -1.000000 149.800000 149.800000 0.000000
66 1547799603 149.800000 -1.000000 149.800000 149.800000 0.000000
66 1547799602 150.600000 -1.000000 150.600000 150.600000 0.000000
66 1547799601 150.600000 -1.000000 150.600000 150.600000 0.000000
66 1547799600 150.600000 -1.000000 150.600000 150.600000 0.000000
66 1547799599 150.600000 -1.000000 150.600000 150.600000 0.000000
66 1547799598 150.600000 -1.000000 150.600000 150.600000 0.000000
66 1547799597 154.000000 -1.000000 154.000000 154.000000 0.000000
66 1547799596 154.000000 -1.000000 154.000000 154.000000 0.000000
66 1547799595 154.000000 -1.000000 154.000000 154.000000 0.000000
71 1547799657 99.200000 -1.000000 99.200000 99.200000 0.000000
71 1547799656 99.200000 -1.000000 99.200000 99.200000 0.000000
71 1547799655 99.200000 -1.000000 99.200000 99.200000 0.000000
71 1547799654 99.200000 -1.000000 99.200000 99.200000 0.000000
71 1547799653 99.200000 -1.000000 99.200000 99.200000 0.000000
71 1547799652 148.600000 -1.000000 148.600000 148.600000 0.000000
71 1547799651 148.600000 -1.000000 148.600000 148.600000 0.000000
71 1547799650 148.600000 -1.000000 148.600000 148.600000 0.000000
71 1547799649 148.600000 -1.000000 148.600000 148.600000 0.000000
71 1547799648 148.600000 -1.000000 148.600000 148.600000 0.000000
71 1547799647 148.400000 -1.000000 148.400000 148.400000 0.000000
71 1547799646 148.400000 -1.000000 148.400000 148.400000 0.000000
71 1547799645 148.400000 -1.000000 148.400000 148.400000 0.000000
71 1547799644 148.400000 -1.000000 148.400000 148.400000 0.000000
71 1547799643 148.400000 -1.000000 148.400000 148.400000 0.000000
71 1547799642 149.600000 -1.000000 149.600000 149.600000 0.000000
71 1547799641 149.600000 -1.000000 149.600000 149.600000 0.000000
71 1547799640 149.600000 -1.000000 149.600000 149.600000 0.000000
71 1547799639 149.600000 -1.000000 149.600000 149.600000 0.000000
71 1547799638 149.600000 -1.000000 149.600000 149.600000 0.000000
71 1547799637 149.200000 -1.000000 149.200000 149.200000 0.000000
71 1547799636 149.200000 -1.000000 149.200000 149.200000 0.000000
71 1547799635 149.200000 -1.000000 149.200000 149.200000 0.000000
71 1547799634 149.200000 -1.000000 149.200000 149.200000 0.000000
71 1547799633 149.200000 -1.000000 149.200000 149.200000 0.000000
71 1547799632 149.800000 -1.000000 149.800000 149.800000 0.000000
71 1547799631 149.800000 -1.000000 149.800000 149.800000 0.000000
71 1547799630 149.800000 -1.000000 149.800000 149.800000 0.000000
71 1547799629 149.800000 -1.000000 149.800000 149.800000 0.000000
71 1547799628 149.800000 -1.000000 149.800000 149.800000 0.000000
71 1547799627 153.200000 -1.000000 153.200000 153.200000 0.000000
71 1547799626 153.200000 -1.000000 153.200000 153.200000 0.000000
71 1547799625 153.200000 -1.000000 153.200000 153.200000 0.000000
71 1547799624 153.200000 -1.000000 153.200000 153.200000 0.000000
71 1547799623 153.200000 -1.000000 153.200000 153.200000 0.000000
71 1547799622 156.400000 -1.000000 156.400000 156.400000 0.000000
71 1547799621 156.400000 -1.000000 156.400000 156.400000 0.000000
71 1547799620 156.400000 -1.000000 156.400000 156.400000 0.000000
71 1547799619 156.400000 -1.000000 156.400000 156.400000 0.000000
71 1547799618 156.400000 -1.000000 156.400000 156.400000 0.000000
71 1547799617 152.200000 -1.000000 152.200000 152.200000 0.000000
71 1547799616 152.200000 -1.000000 152.200000 152.200000 0.000000
71 1547799615 152.200000 -1.000000 152.200000 152.200000 0.000000
71 1547799614 152.200000 -1.000000 152.200000 152.200000 0.000000
71 1547799613 152.200000 -1.000000 152.200000 152.200000 0.000000
71 1547799612 156.200000 -1.000000 156.200000 156.200000 0.000000
71 1547799611 156.200000 -1.000000 156.200000 156.200000 0.000000
71 1547799610 156.200000 -1.000000 156.200000 156.200000 0.000000
71 1547799609 156.200000 -1.000000 156.200000 156.200000 0.000000
71 1547799608 156.200000 -1.000000 156.200000 156.200000 0.000000
71 1547799607 149.800000 -1.000000 149.800000 149.800000 0.000000
71 1547799606 149.800000 -1.000000 149.800000 149.800000 0.000000
71 1547799605 149.800000 -1.000000 149.800000 149.800000 0.000000
71 1547799604 149.800000 -1.000000 149.800000 149.800000 0.000000
71 1547799603 149.800000 -1.000000 149.800000 149.800000 0.000000
71 1547799602 150.600000 -1.000000 150.600000 150.600000 0.000000
71 1547799601 150.600000 -1.000000 150.600000 150.600000 0.000000
71 1547799600 150.600000 -1.000000 150.600000 150.600000 0.000000
71 1547799599 150.600000 -1.000000 150.600000 150.600000 0.000000
71 1547799598 150.600000 -1.000000 150.600000 150.600000 0.000000
71 1547799597 154.000000 -1.000000 154.000000 154.000000 0.000000
71 1547799596 154.000000 -1.000000 154.000000 154.000000 0.000000
71 1547799595 154.000000 -1.000000 154.000000 154.000000 0.000000
