286 1547795045 190978.000000 -1.000000 -101.000000 0.000000 0.000000
286 1547795046 190978.000000 -1.000000 -101.000000 0.000000 0.000000
286 1547795047 190978.000000 -1.000000 -101.000000 0.000000 0.000000
286 1547795048 190978.000000 -1.000000 -101.000000 0.000000 0.000000
286 1547795049 190978.000000 -1.000000 -101.000000 0.000000 0.000000
286 1547795050 152003.400000 -1.000000 -101.000000 0.000000 0.000000
286 1547795051 152003.400000 -1.000000 -101.000000 0.000000 0.000000
286 1547795052 152003.400000 -1.000000 -101.000000 0.000000 0.000000
286 1547795053 152003.400000 -1.000000 -101.000000 0.000000 0.000000
286 1547795054 152003.400000 -1.000000 -101.000000 0.000000 0.000000
286 1547795055 122315.600000 -1.000000 -101.000000 0.000000 0.000000
286 1547795056 122315.600000 -1.000000 -101.000000 0.000000 0.000000
286 1547795057 122315.600000 -1.000000 -101.000000 0.000000 0.000000
286 1547795058 122315.600000 -1.000000 -101.000000 0.000000 0.000000
286 1547795059 122315.600000 -1.000000 -101.000000 0.000000 0.000000
286 1547795060 132709.200000 -1.000000 -101.000000 0.000000 0.000000
286 1547795061 132709.200000 -1.000000 -101.000000 0.000000 0.000000
286 1547795062 132709.200000 -1.000000 -101.000000 0.000000 0.000000
286 1547795063 132709.200000 -1.000000 -101.000000 0.000000 0.000000
286 1547795064 132709.200000 -1.000000 -101.000000 0.000000 0.000000
286 1547795065 129194.800000 -1.000000 -101.000000 0.000000 0.000000
286 1547795066 129194.800000 -1.000000 -101.000000 0.000000 0.000000
286 1547795067 129194.800000 -1.000000 -101.000000 0.000000 0.000000
286 1547795068 129194.800000 -1.000000 -101.000000 0.000000 0.000000
286 1547795069 129194.800000 -1.000000 -101.000000 0.000000 0.000000
286 1547795070 118269.400000 -1.000000 -101.000000 0.000000 0.000000
286 1547795071 118269.400000 -1.000000 -101.000000 0.000000 0.000000
286 1547795072 118269.400000 -1.000000 -101.000000 0.000000 0.000000
286 1547795073 118269.400000 -1.000000 -101.000000 0.000000 0.000000
286 1547795074 118269.400000 -1.000000 -101.000000 0.000000 0.000000
286 1547795075 157015.600000 -1.000000 -101.000000 0.000000 0.000000
286 1547795076 157015.600000 -1.000000 -101.000000 0.000000 0.000000
286 1547795077 157015.600000 -1.000000 -101.000000 0.000000 0.000000
286 1547795078 157015.600000 -1.000000 -101.000000 0.000000 0.000000
286 1547795079 157015.600000 -1.000000 -101.000000 0.000000 0.000000
286 1547795080 153348.800000 -1.000000 -101.000000 0.000000 0.000000
286 1547795081 153348.800000 -1.000000 -101.000000 0.000000 0.000000
286 1547795082 153348.800000 -1.000000 -101.000000 0.000000 0.000000
286 1547795083 153348.800000 -1.000000 -101.000000 0.000000 0.000000
286 1547795084 153348.800000 -1.000000 -101.000000 0.000000 0.000000
286 1547795085 144594.000000 -1.000000 -101.000000 0.000000 0.000000
286 1547795086 144594.000000 -1.000000 -101.000000 0.000000 0.000000
286 1547795087 144594.000000 -1.000000 -101.000000 0.000000 0.000000
286 1547795088 144594.000000 -1.000000 -101.000000 0.000000 0.000000
286 1547795089 144594.000000 -1.000000 -101.000000 0.000000 0.000000
286 1547795090 124248.800000 -1.000000 -101.000000 0.000000 0.000000
286 1547795091 124248.800000 -1.000000 -101.000000 0.000000 0.000000
286 1547795092 124248.800000 -1.000000 -101.000000 0.000000 0.000000
286 1547795093 124248.800000 -1.000000 -101.000000 0.000000 0.000000
286 1547795094 124248.800000 -1.000000 -101.000000 0.000000 0.000000
286 1547795095 175849.400000 -1.000000 -101.000000 0.000000 0.000000
286 1547795096 175849.400000 -1.000000 -101.000000 0.000000 0.000000
286 1547795097 175849.400000 -1.000000 -101.000000 0.000000 0.000000
286 1547795098 175849.400000 -1.000000 -101.000000 0.000000 0.000000
286 1547795099 175849.400000 -1.000000 -101.000000 0.000000 0.000000
286 1547795100 149273.400000 -1.000000 -101.000000 0.000000 0.000000
286 1547795101 149273.400000 -1.000000 -101.000000 0.000000 0.000000
286 1547795102 149273.400000 -1.000000 -101.000000 0.000000 0.000000
286 1547795103 149273.400000 -1.000000 -101.000000 0.000000 0.000000
286 1547795104 149273.400000 -1.000000 -101.000000 0.000000 0.000000
286 1547795105 144709.400000 -1.000000 -101.000000 0.000000 0.000000
286 1547795106 144709.400000 -1.000000 -101.000000 0.000000 0.000000
286 1547795107 144709.400000 -1.000000 -101.000000 0.000000 0.000000
286 1547795108 144709.400000 -1.000000 -101.000000 0.000000 0.000000
286 1547795109 144709.400000 -1.000000 -101.000000 0.000000 0.000000
286 1547795110 133310.000000 -1.000000 -101.000000 0.000000 0.000000
286 1547795111 133310.000000 -1.000000 -101.000000 0.000000 0.000000
286 1547795112 133310.000000 -1.000000 -101.000000 0.000000 0.000000
286 1547795113 133310.000000 -1.000000 -101.000000 0.000000 0.000000
286 1547795114 133310.000000 -1.000000 -101.000000 0.000000 0.000000
286 1547795115 144527.000000 -1.000000 -101.000000 0.000000 0.000000
286 1547795116 144527.000000 -1.000000 -101.000000 0.000000 0.000000
286 1547795117 144527.000000 -1.000000 -101.000000 0.000000 0.000000
286 1547795118 144527.000000 -1.000000 -101.000000 0.000000 0.000000
286 1547795119 144527.000000 -1.000000 -101.000000 0.000000 0.000000
286 1547795120 179439.200000 -1.000000 -101.000000 0.000000 0.000000
286 1547795121 179439.200000 -1.000000 -101.000000 0.000000 0.000000
286 1547795122 179439.200000 -1.000000 -101.000000 0.000000 0.000000
286 1547795123 179439.200000 -1.000000 -101.000000 0.000000 0.000000
286 1547795124 179439.200000 -1.000000 -101.000000 0.000000 0.000000
286 1547795125 137283.600000 -1.000000 -101.000000 0.000000 0.000000
286 1547795126 137283.600000 -1.000000 -101.000000 0.000000 0.000000
286 1547795127 137283.600000 -1.000000 -101.000000 0.000000 0.000000
286 1547795128 137283.600000 -1.000000 -101.000000 0.000000 0.000000
286 1547795129 137283.600000 -1.000000 -101.000000 0.000000 0.000000
286 1547795130 139578.000000 -1.000000 -101.000000 0.000000 0.000000
286 1547795131 139578.000000 -1.000000 -101.000000 0.000000 0.000000
286 1547795132 139578.000000 -1.000000 -101.000000 0.000000 0.000000
286 1547795133 139578.000000 -1.000000 -101.000000 0.000000 0.000000
286 1547795134 139578.000000 -1.000000 -101.000000 0.000000 0.000000
286 1547795135 143414.600000 -1.000000 -101.000000 0.000000 0.000000
286 1547795136 143414.600000 -1.000000 -101.000000 0.000000 0.000000
286 1547795137 143414.600000 -1.000000 -101.000000 0.000000 0.000000
286 1547795138 143414.600000 -1.000000 -101.000000 0.000000 0.000000
286 1547795139 143414.600000 -1.000000 -101.000000 0.000000 0.000000
286 1547795140 138060.800000 -1.000000 -101.000000 0.000000 0.000000
286 1547795141 138060.800000 -1.000000 -101.000000 0.000000 0.000000
286 1547795142 138060.800000 -1.000000 -101.000000 0.000000 0.000000
286 1547795143 138060.800000 -1.000000 -101.000000 0.000000 0.000000
286 1547795144 138060.800000 -1.000000 -101.000000 0.000000 0.000000
286 1547795145 143331.800000 -1.000000 -101.000000 0.000000 0.000000
286 1547795146 143331.800000 -1.000000 -101.000000 0.000000 0.000000
286 1547795147 143331.800000 -1.000000 -101.000000 0.000000 0.000000
286 1547795148 143331.800000 -1.000000 -101.000000 0.000000 0.000000
286 1547795149 143331.800000 -1.000000 -101.000000 0.000000 0.000000
286 1547795150 134155.600000 -1.000000 -101.000000 0.000000 0.000000
286 1547795151 134155.600000 -1.000000 -101.000000 0.000000 0.000000
286 1547795152 134155.600000 -1.000000 -101.000000 0.000000 0.000000
286 1547795153 134155.600000 -1.000000 -101.000000 0.000000 0.000000
286 1547795154 134155.600000 -1.000000 -101.000000 0.000000 0.000000
286 1547795155 152751.800000 -1.000000 -101.000000 0.000000 0.000000
286 1547795156 152751.800000 -1.000000 -101.000000 0.000000 0.000000
286 1547795157 152751.800000 -1.000000 -101.000000 0.000000 0.000000
286 1547795158 152751.800000 -1.000000 -101.000000 0.000000 0.000000
286 1547795159 152751.800000 -1.000000 -101.000000 0.000000 0.000000
286 1547795160 148276.800000 -1.000000 -101.000000 0.000000 0.000000
286 1547795161 148276.800000 -1.000000 -101.000000 0.000000 0.000000
286 1547795162 148276.800000 -1.000000 -101.000000 0.000000 0.000000
286 1547795163 148276.800000 -1.000000 -101.000000 0.000000 0.000000
286 1547795164 148276.800000 -1.000000 -101.000000 0.000000 0.000000
286 1547795165 105597.400000 -1.000000 -101.000000 0.000000 0.000000
286 1547795166 105597.400000 -1.000000 -101.000000 0.000000 0.000000
286 1547795167 105597.400000 -1.000000 -101.000000 0.000000 0.000000
286 1547795168 105597.400000 -1.000000 -101.000000 0.000000 0.000000
286 1547795169 105597.400000 -1.000000 -101.000000 0.000000 0.000000
286 1547795170 171377.200000 -1.000000 -101.000000 0.000000 0.000000
286 1547795171 171377.200000 -1.000000 -101.000000 0.000000 0.000000
286 1547795172 171377.200000 -1.000000 -101.000000 0.000000 0.000000
286 1547795173 171377.200000 -1.000000 -101.000000 0.000000 0.000000
286 1547795174 171377.200000 -1.000000 -101.000000 0.000000 0.000000
286 1547795175 144169.000000 -1.000000 -101.000000 0.000000 0.000000
286 1547795176 144169.000000 -1.000000 -101.000000 0.000000 0.000000
286 1547795177 144169.000000 -1.000000 -101.000000 0.000000 0.000000
286 1547795178 144169.000000 -1.000000 -101.000000 0.000000 0.000000
286 1547795179 144169.000000 -1.000000 -101.000000 0.000000 0.000000
286 1547795180 159332.400000 -1.000000 -101.000000 0.000000 0.000000
286 1547795181 159332.400000 -1.000000 -101.000000 0.000000 0.000000
286 1547795182 159332.400000 -1.000000 -101.000000 0.000000 0.000000
286 1547795183 159332.400000 -1.000000 -101.000000 0.000000 0.000000
286 1547795184 159332.400000 -1.000000 -101.000000 0.000000 0.000000
286 1547795185 128106.400000 -1.000000 -101.000000 0.000000 0.000000
286 1547795186 128106.400000 -1.000000 -101.000000 0.000000 0.000000
286 1547795187 128106.400000 -1.000000 -101.000000 0.000000 0.000000
286 1547795188 128106.400000 -1.000000 -101.000000 0.000000 0.000000
286 1547795189 128106.400000 -1.000000 -101.000000 0.000000 0.000000
286 1547795190 133755.400000 -1.000000 -101.000000 0.000000 0.000000
286 1547795191 133755.400000 -1.000000 -101.000000 0.000000 0.000000
286 1547795192 133755.400000 -1.000000 -101.000000 0.000000 0.000000
286 1547795193 133755.400000 -1.000000 -101.000000 0.000000 0.000000
286 1547795194 133755.400000 -1.000000 -101.000000 0.000000 0.000000
286 1547795195 128609.800000 -1.000000 -101.000000 0.000000 0.000000
286 1547795196 128609.800000 -1.000000 -101.000000 0.000000 0.000000
286 1547795197 128609.800000 -1.000000 -101.000000 0.000000 0.000000
286 1547795198 128609.800000 -1.000000 -101.000000 0.000000 0.000000
286 1547795199 128609.800000 -1.000000 -101.000000 0.000000 0.000000
286 1547795200 129760.000000 -1.000000 -101.000000 0.000000 0.000000
286 1547795201 129760.000000 -1.000000 -101.000000 0.000000 0.000000
286 1547795202 129760.000000 -1.000000 -101.000000 0.000000 0.000000
286 1547795203 129760.000000 -1.000000 -101.000000 0.000000 0.000000
286 1547795204 129760.000000 -1.000000 -101.000000 0.000000 0.000000
286 1547795205 187682.800000 -1.000000 -101.000000 0.000000 0.000000
286 1547795206 187682.800000 -1.000000 -101.000000 0.000000 0.000000
286 1547795207 187682.800000 -1.000000 -101.000000 0.000000 0.000000
286 1547795208 187682.800000 -1.000000 -101.000000 0.000000 0.000000
286 1547795209 187682.800000 -1.000000 -101.000000 0.000000 0.000000
286 1547795210 158535.600000 -1.000000 -101.000000 0.000000 0.000000
286 1547795211 158535.600000 -1.000000 -101.000000 0.000000 0.000000
286 1547795212 158535.600000 -1.000000 -101.000000 0.000000 0.000000
286 1547795213 158535.600000 -1.000000 -101.000000 0.000000 0.000000
286 1547795214 158535.600000 -1.000000 -101.000000 0.000000 0.000000
286 1547795215 131985.400000 -1.000000 -101.000000 0.000000 0.000000
286 1547795216 131985.400000 -1.000000 -101.000000 0.000000 0.000000
286 1547795217 131985.400000 -1.000000 -101.000000 0.000000 0.000000
286 1547795218 131985.400000 -1.000000 -101.000000 0.000000 0.000000
286 1547795219 131985.400000 -1.000000 -101.000000 0.000000 0.000000
286 1547795220 150666.600000 -1.000000 -101.000000 0.000000 0.000000
286 1547795221 150666.600000 -1.000000 -101.000000 0.000000 0.000000
286 1547795222 150666.600000 -1.000000 -101.000000 0.000000 0.000000
286 1547795223 150666.600000 -1.000000 -101.000000 0.000000 0.000000
286 1547795224 150666.600000 -1.000000 -101.000000 0.000000 0.000000
286 1547795225 125350.800000 -1.000000 -101.000000 0.000000 0.000000
286 1547795226 125350.800000 -1.000000 -101.000000 0.000000 0.000000
286 1547795227 125350.800000 -1.000000 -101.000000 0.000000 0.000000
286 1547795228 125350.800000 -1.000000 -101.000000 0.000000 0.000000
286 1547795229 125350.800000 -1.000000 -101.000000 0.000000 0.000000
286 1547795230 112662.600000 -1.000000 -101.000000 0.000000 0.000000
286 1547795231 112662.600000 -1.000000 -101.000000 0.000000 0.000000
286 1547795232 112662.600000 -1.000000 -101.000000 0.000000 0.000000
286 1547795233 112662.600000 -1.000000 -101.000000 0.000000 0.000000
286 1547795234 112662.600000 -1.000000 -101.000000 0.000000 0.000000
286 1547795235 168393.000000 -1.000000 -101.000000 0.000000 0.000000
286 1547795236 168393.000000 -1.000000 -101.000000 0.000000 0.000000
286 1547795237 168393.000000 -1.000000 -101.000000 0.000000 0.000000
286 1547795238 168393.000000 -1.000000 -101.000000 0.000000 0.000000
286 1547795239 168393.000000 -1.000000 -101.000000 0.000000 0.000000
286 1547795240 105498.000000 -1.000000 -101.000000 0.000000 0.000000
286 1547795241 105498.000000 -1.000000 -101.000000 0.000000 0.000000
286 1547795242 105498.000000 -1.000000 -101.000000 0.000000 0.000000
286 1547795243 105498.000000 -1.000000 -101.000000 0.000000 0.000000
286 1547795244 105498.000000 -1.000000 -101.000000 0.000000 0.000000
286 1547795245 128373.200000 -1.000000 -101.000000 0.000000 0.000000
286 1547795246 128373.200000 -1.000000 -101.000000 0.000000 0.000000
286 1547795247 128373.200000 -1.000000 -101.000000 0.000000 0.000000
286 1547795248 128373.200000 -1.000000 -101.000000 0.000000 0.000000
286 1547795249 128373.200000 -1.000000 -101.000000 0.000000 0.000000
286 1547795250 148752.800000 -1.000000 -101.000000 0.000000 0.000000
286 1547795251 148752.800000 -1.000000 -101.000000 0.000000 0.000000
286 1547795252 148752.800000 -1.000000 -101.000000 0.000000 0.000000
286 1547795253 148752.800000 -1.000000 -101.000000 0.000000 0.000000
286 1547795254 148752.800000 -1.000000 -101.000000 0.000000 0.000000
286 1547795255 155905.400000 -1.000000 -101.000000 0.000000 0.000000
286 1547795256 155905.400000 -1.000000 -101.000000 0.000000 0.000000
286 1547795257 155905.400000 -1.000000 -101.000000 0.000000 0.000000
286 1547795258 155905.400000 -1.000000 -101.000000 0.000000 0.000000
286 1547795259 155905.400000 -1.000000 -101.000000 0.000000 0.000000
286 1547795260 144055.800000 -1.000000 -101.000000 0.000000 0.000000
286 1547795261 144055.800000 -1.000000 -101.000000 0.000000 0.000000
286 1547795262 144055.800000 -1.000000 -101.000000 0.000000 0.000000
286 1547795263 144055.800000 -1.000000 -101.000000 0.000000 0.000000
286 1547795264 144055.800000 -1.000000 -101.000000 0.000000 0.000000
286 1547795265 149927.400000 -1.000000 -101.000000 0.000000 0.000000
286 1547795266 149927.400000 -1.000000 -101.000000 0.000000 0.000000
286 1547795267 149927.400000 -1.000000 -101.000000 0.000000 0.000000
286 1547795268 149927.400000 -1.000000 -101.000000 0.000000 0.000000
286 1547795269 149927.400000 -1.000000 -101.000000 0.000000 0.000000
286 1547795270 138843.600000 -1.000000 -101.000000 0.000000 0.000000
286 1547795271 138843.600000 -1.000000 -101.000000 0.000000 0.000000
286 1547795272 138843.600000 -1.000000 -101.000000 0.000000 0.000000
286 1547795273 138843.600000 -1.000000 -101.000000 0.000000 0.000000
286 1547795274 138843.600000 -1.000000 -101.000000 0.000000 0.000000
286 1547795275 156912.400000 -1.000000 -101.000000 0.000000 0.000000
286 1547795276 156912.400000 -1.000000 -101.000000 0.000000 0.000000
286 1547795277 156912.400000 -1.000000 -101.000000 0.000000 0.000000
286 1547795278 156912.400000 -1.000000 -101.000000 0.000000 0.000000
286 1547795279 156912.400000 -1.000000 -101.000000 0.000000 0.000000
286 1547795280 149267.200000 -1.000000 -101.000000 0.000000 0.000000
286 1547795281 149267.200000 -1.000000 -101.000000 0.000000 0.000000
