271 1547795040 0.025041 0.800000 0.013324 0.032941 0.000548
268 1547795040 0.008022 0.800000 0.002095 0.011885 0.000062
262 1547795040 0.081103 0.800000 0.034828 0.099604 0.005843
265 1547795040 0.033623 0.800000 0.012597 0.046979 0.001038
274 1547795040 0.013794 0.800000 0.006640 0.016725 0.000166
262 1547795041 0.081103 0.800000 0.034828 0.099604 0.005843
265 1547795041 0.033623 0.800000 0.012597 0.046979 0.001038
268 1547795041 0.008022 0.800000 0.002095 0.011885 0.000062
271 1547795041 0.025041 0.800000 0.013324 0.032941 0.000548
274 1547795041 0.013794 0.800000 0.006640 0.016725 0.000166
271 1547795042 0.025041 0.800000 0.013324 0.032941 0.000548
268 1547795042 0.008022 0.800000 0.002095 0.011885 0.000062
262 1547795042 0.081103 0.800000 0.034828 0.099604 0.005843
265 1547795042 0.033623 0.800000 0.012597 0.046979 0.001038
274 1547795042 0.013794 0.800000 0.006640 0.016725 0.000166
271 1547795043 0.025041 0.800000 0.013324 0.032941 0.000548
268 1547795043 0.008022 0.800000 0.002095 0.011885 0.000062
262 1547795043 0.081103 0.800000 0.034828 0.099604 0.005843
265 1547795043 0.033623 0.800000 0.012597 0.046979 0.001038
274 1547795043 0.013794 0.800000 0.006640 0.016725 0.000166
271 1547795044 0.025041 0.800000 0.013324 0.032941 0.000548
268 1547795044 0.008022 0.800000 0.002095 0.011885 0.000062
262 1547795044 0.081103 0.800000 0.034828 0.099604 0.005843
265 1547795044 0.033623 0.800000 0.012597 0.046979 0.001038
274 1547795044 0.013794 0.800000 0.006640 0.016725 0.000166
271 1547795045 0.035753 1.000000 0.021912 0.051475 0.001447
268 1547795045 0.057617 1.000000 0.008659 0.234933 0.011207
262 1547795045 0.223814 1.000000 0.078031 0.411832 0.068224
265 1547795045 0.096582 1.000000 0.032385 0.310738 0.020951
274 1547795045 0.033291 1.000000 0.014364 0.075557 0.001605
262 1547795046 0.223814 1.000000 0.078031 0.411832 0.068224
265 1547795046 0.096582 1.000000 0.032385 0.310738 0.020951
268 1547795046 0.057617 1.000000 0.008659 0.234933 0.011207
271 1547795046 0.035753 1.000000 0.021912 0.051475 0.001447
274 1547795046 0.033291 1.000000 0.014364 0.075557 0.001605
271 1547795047 0.035753 1.000000 0.021912 0.051475 0.001447
268 1547795047 0.057617 1.000000 0.008659 0.234933 0.011207
262 1547795047 0.223814 1.000000 0.078031 0.411832 0.068224
265 1547795047 0.096582 1.000000 0.032385 0.310738 0.020951
274 1547795047 0.033291 1.000000 0.014364 0.075557 0.001605
271 1547795048 0.035753 1.000000 0.021912 0.051475 0.001447
268 1547795048 0.057617 1.000000 0.008659 0.234933 0.011207
262 1547795048 0.223814 1.000000 0.078031 0.411832 0.068224
265 1547795048 0.096582 1.000000 0.032385 0.310738 0.020951
274 1547795048 0.033291 1.000000 0.014364 0.075557 0.001605
271 1547795049 0.035753 1.000000 0.021912 0.051475 0.001447
268 1547795049 0.057617 1.000000 0.008659 0.234933 0.011207
262 1547795049 0.223814 1.000000 0.078031 0.411832 0.068224
265 1547795049 0.096582 1.000000 0.032385 0.310738 0.020951
274 1547795049 0.033291 1.000000 0.014364 0.075557 0.001605
271 1547795050 0.030122 1.400000 0.012495 0.087584 0.002059
268 1547795050 0.008333 1.400000 0.002027 0.015456 0.000125
262 1547795050 0.094456 1.400000 0.037224 0.233658 0.017620
265 1547795050 0.040048 1.400000 0.013000 0.103864 0.003362
274 1547795050 0.015380 1.400000 0.008241 0.026018 0.000377
262 1547795051 0.094456 1.400000 0.037224 0.233658 0.017620
265 1547795051 0.040048 1.400000 0.013000 0.103864 0.003362
268 1547795051 0.008333 1.400000 0.002027 0.015456 0.000125
271 1547795051 0.030122 1.400000 0.012495 0.087584 0.002059
274 1547795051 0.015380 1.400000 0.008241 0.026018 0.000377
271 1547795052 0.030122 1.400000 0.012495 0.087584 0.002059
268 1547795052 0.008333 1.400000 0.002027 0.015456 0.000125
262 1547795052 0.094456 1.400000 0.037224 0.233658 0.017620
265 1547795052 0.040048 1.400000 0.013000 0.103864 0.003362
274 1547795052 0.015380 1.400000 0.008241 0.026018 0.000377
271 1547795053 0.030122 1.400000 0.012495 0.087584 0.002059
268 1547795053 0.008333 1.400000 0.002027 0.015456 0.000125
262 1547795053 0.094456 1.400000 0.037224 0.233658 0.017620
265 1547795053 0.040048 1.400000 0.013000 0.103864 0.003362
274 1547795053 0.015380 1.400000 0.008241 0.026018 0.000377
271 1547795054 0.030122 1.400000 0.012495 0.087584 0.002059
268 1547795054 0.008333 1.400000 0.002027 0.015456 0.000125
262 1547795054 0.094456 1.400000 0.037224 0.233658 0.017620
265 1547795054 0.040048 1.400000 0.013000 0.103864 0.003362
274 1547795054 0.015380 1.400000 0.008241 0.026018 0.000377
271 1547795055 0.036293 0.400000 0.015469 0.057117 0.000700
268 1547795055 0.004252 0.400000 0.001970 0.006533 0.000009
262 1547795055 0.175159 0.400000 0.041354 0.308964 0.019434
265 1547795055 0.120553 0.400000 0.012958 0.228147 0.010444
274 1547795055 0.013877 0.400000 0.010790 0.016964 0.000081
262 1547795056 0.175159 0.400000 0.041354 0.308964 0.019434
265 1547795056 0.120553 0.400000 0.012958 0.228147 0.010444
268 1547795056 0.004252 0.400000 0.001970 0.006533 0.000009
271 1547795056 0.036293 0.400000 0.015469 0.057117 0.000700
274 1547795056 0.013877 0.400000 0.010790 0.016964 0.000081
271 1547795057 0.036293 0.400000 0.015469 0.057117 0.000700
268 1547795057 0.004252 0.400000 0.001970 0.006533 0.000009
262 1547795057 0.175159 0.400000 0.041354 0.308964 0.019434
265 1547795057 0.120553 0.400000 0.012958 0.228147 0.010444
274 1547795057 0.013877 0.400000 0.010790 0.016964 0.000081
271 1547795058 0.036293 0.400000 0.015469 0.057117 0.000700
268 1547795058 0.004252 0.400000 0.001970 0.006533 0.000009
262 1547795058 0.175159 0.400000 0.041354 0.308964 0.019434
265 1547795058 0.120553 0.400000 0.012958 0.228147 0.010444
274 1547795058 0.013877 0.400000 0.010790 0.016964 0.000081
271 1547795059 0.036293 0.400000 0.015469 0.057117 0.000700
268 1547795059 0.004252 0.400000 0.001970 0.006533 0.000009
262 1547795059 0.175159 0.400000 0.041354 0.308964 0.019434
265 1547795059 0.120553 0.400000 0.012958 0.228147 0.010444
274 1547795059 0.013877 0.400000 0.010790 0.016964 0.000081
271 1547795060 0.024223 1.200000 0.012846 0.049566 0.000877
268 1547795060 0.007304 1.200000 0.001960 0.010189 0.000081
262 1547795060 0.080933 1.200000 0.033305 0.156581 0.009842
265 1547795060 0.035593 1.200000 0.011977 0.078459 0.002110
274 1547795060 0.013273 1.200000 0.006337 0.017647 0.000234
262 1547795061 0.080933 1.200000 0.033305 0.156581 0.009842
265 1547795061 0.035593 1.200000 0.011977 0.078459 0.002110
268 1547795061 0.007304 1.200000 0.001960 0.010189 0.000081
271 1547795061 0.024223 1.200000 0.012846 0.049566 0.000877
274 1547795061 0.013273 1.200000 0.006337 0.017647 0.000234
271 1547795062 0.024223 1.200000 0.012846 0.049566 0.000877
268 1547795062 0.007304 1.200000 0.001960 0.010189 0.000081
262 1547795062 0.080933 1.200000 0.033305 0.156581 0.009842
265 1547795062 0.035593 1.200000 0.011977 0.078459 0.002110
274 1547795062 0.013273 1.200000 0.006337 0.017647 0.000234
271 1547795063 0.024223 1.200000 0.012846 0.049566 0.000877
271 1547795064 0.024223 1.200000 0.012846 0.049566 0.000877
268 1547795063 0.007304 1.200000 0.001960 0.010189 0.000081
268 1547795064 0.007304 1.200000 0.001960 0.010189 0.000081
262 1547795063 0.080933 1.200000 0.033305 0.156581 0.009842
262 1547795064 0.080933 1.200000 0.033305 0.156581 0.009842
265 1547795063 0.035593 1.200000 0.011977 0.078459 0.002110
265 1547795064 0.035593 1.200000 0.011977 0.078459 0.002110
274 1547795063 0.013273 1.200000 0.006337 0.017647 0.000234
274 1547795064 0.013273 1.200000 0.006337 0.017647 0.000234
271 1547795065 0.029690 1.400000 0.013159 0.055654 0.001654
268 1547795065 0.040717 1.400000 0.001919 0.250197 0.012579
262 1547795065 0.158003 1.400000 0.034580 0.433071 0.060263
265 1547795065 0.034819 1.400000 0.012515 0.075504 0.002242
274 1547795065 0.052422 1.400000 0.006720 0.224705 0.011142
271 1547795066 0.029690 1.400000 0.013159 0.055654 0.001654
268 1547795066 0.040717 1.400000 0.001919 0.250197 0.012579
262 1547795066 0.158003 1.400000 0.034580 0.433071 0.060263
265 1547795066 0.034819 1.400000 0.012515 0.075504 0.002242
274 1547795066 0.052422 1.400000 0.006720 0.224705 0.011142
271 1547795067 0.029690 1.400000 0.013159 0.055654 0.001654
268 1547795067 0.040717 1.400000 0.001919 0.250197 0.012579
262 1547795067 0.158003 1.400000 0.034580 0.433071 0.060263
265 1547795067 0.034819 1.400000 0.012515 0.075504 0.002242
274 1547795067 0.052422 1.400000 0.006720 0.224705 0.011142
271 1547795068 0.029690 1.400000 0.013159 0.055654 0.001654
268 1547795068 0.040717 1.400000 0.001919 0.250197 0.012579
262 1547795068 0.158003 1.400000 0.034580 0.433071 0.060263
265 1547795068 0.034819 1.400000 0.012515 0.075504 0.002242
274 1547795068 0.052422 1.400000 0.006720 0.224705 0.011142
271 1547795069 0.029690 1.400000 0.013159 0.055654 0.001654
268 1547795069 0.040717 1.400000 0.001919 0.250197 0.012579
262 1547795069 0.158003 1.400000 0.034580 0.433071 0.060263
265 1547795069 0.034819 1.400000 0.012515 0.075504 0.002242
274 1547795069 0.052422 1.400000 0.006720 0.224705 0.011142
271 1547795070 0.189248 0.800000 0.014375 0.441124 0.055219
268 1547795070 0.006434 0.800000 0.001941 0.012996 0.000051
262 1547795070 0.297324 0.800000 0.035306 0.615502 0.126360
265 1547795070 0.083383 0.800000 0.012120 0.274799 0.015394
274 1547795070 0.017822 0.800000 0.006456 0.042366 0.000426
271 1547795071 0.189248 0.800000 0.014375 0.441124 0.055219
268 1547795071 0.006434 0.800000 0.001941 0.012996 0.000051
262 1547795071 0.297324 0.800000 0.035306 0.615502 0.126360
265 1547795071 0.083383 0.800000 0.012120 0.274799 0.015394
274 1547795071 0.017822 0.800000 0.006456 0.042366 0.000426
271 1547795072 0.189248 0.800000 0.014375 0.441124 0.055219
268 1547795072 0.006434 0.800000 0.001941 0.012996 0.000051
262 1547795072 0.297324 0.800000 0.035306 0.615502 0.126360
265 1547795072 0.083383 0.800000 0.012120 0.274799 0.015394
274 1547795072 0.017822 0.800000 0.006456 0.042366 0.000426
271 1547795073 0.189248 0.800000 0.014375 0.441124 0.055219
268 1547795073 0.006434 0.800000 0.001941 0.012996 0.000051
262 1547795073 0.297324 0.800000 0.035306 0.615502 0.126360
265 1547795073 0.083383 0.800000 0.012120 0.274799 0.015394
274 1547795073 0.017822 0.800000 0.006456 0.042366 0.000426
271 1547795074 0.189248 0.800000 0.014375 0.441124 0.055219
268 1547795074 0.006434 0.800000 0.001941 0.012996 0.000051
262 1547795074 0.297324 0.800000 0.035306 0.615502 0.126360
265 1547795074 0.083383 0.800000 0.012120 0.274799 0.015394
274 1547795074 0.017822 0.800000 0.006456 0.042366 0.000426
271 1547795075 0.027655 1.000000 0.020128 0.049405 0.000886
268 1547795075 0.009752 1.000000 0.009052 0.010410 0.000095
262 1547795075 0.145904 1.000000 0.079215 0.321879 0.029468
265 1547795075 0.090288 1.000000 0.034724 0.277040 0.016917
274 1547795075 0.017499 1.000000 0.013572 0.027194 0.000331
271 1547795076 0.027655 1.000000 0.020128 0.049405 0.000886
268 1547795076 0.009752 1.000000 0.009052 0.010410 0.000095
262 1547795076 0.145904 1.000000 0.079215 0.321879 0.029468
265 1547795076 0.090288 1.000000 0.034724 0.277040 0.016917
274 1547795076 0.017499 1.000000 0.013572 0.027194 0.000331
271 1547795077 0.027655 1.000000 0.020128 0.049405 0.000886
268 1547795077 0.009752 1.000000 0.009052 0.010410 0.000095
262 1547795077 0.145904 1.000000 0.079215 0.321879 0.029468
265 1547795077 0.090288 1.000000 0.034724 0.277040 0.016917
274 1547795077 0.017499 1.000000 0.013572 0.027194 0.000331
271 1547795078 0.027655 1.000000 0.020128 0.049405 0.000886
268 1547795078 0.009752 1.000000 0.009052 0.010410 0.000095
262 1547795078 0.145904 1.000000 0.079215 0.321879 0.029468
265 1547795078 0.090288 1.000000 0.034724 0.277040 0.016917
274 1547795078 0.017499 1.000000 0.013572 0.027194 0.000331
271 1547795079 0.027655 1.000000 0.020128 0.049405 0.000886
268 1547795079 0.009752 1.000000 0.009052 0.010410 0.000095
262 1547795079 0.145904 1.000000 0.079215 0.321879 0.029468
265 1547795079 0.090288 1.000000 0.034724 0.277040 0.016917
274 1547795079 0.017499 1.000000 0.013572 0.027194 0.000331
271 1547795080 0.020667 0.800000 0.013173 0.023907 0.000357
268 1547795080 0.138439 0.800000 0.009884 0.299191 0.028820
262 1547795080 0.279931 0.800000 0.084110 0.377882 0.074135
265 1547795080 0.035818 0.800000 0.028041 0.041160 0.001045
274 1547795080 0.084553 0.800000 0.006844 0.300751 0.018194
262 1547795081 0.279931 0.800000 0.084110 0.377882 0.074135
265 1547795081 0.035818 0.800000 0.028041 0.041160 0.001045
268 1547795081 0.138439 0.800000 0.009884 0.299191 0.028820
271 1547795081 0.020667 0.800000 0.013173 0.023907 0.000357
274 1547795081 0.084553 0.800000 0.006844 0.300751 0.018194
271 1547795082 0.020667 0.800000 0.013173 0.023907 0.000357
268 1547795082 0.138439 0.800000 0.009884 0.299191 0.028820
262 1547795082 0.279931 0.800000 0.084110 0.377882 0.074135
265 1547795082 0.035818 0.800000 0.028041 0.041160 0.001045
274 1547795082 0.084553 0.800000 0.006844 0.300751 0.018194
271 1547795083 0.020667 0.800000 0.013173 0.023907 0.000357
268 1547795083 0.138439 0.800000 0.009884 0.299191 0.028820
262 1547795083 0.279931 0.800000 0.084110 0.377882 0.074135
265 1547795083 0.035818 0.800000 0.028041 0.041160 0.001045
274 1547795083 0.084553 0.800000 0.006844 0.300751 0.018194
271 1547795084 0.020667 0.800000 0.013173 0.023907 0.000357
268 1547795084 0.138439 0.800000 0.009884 0.299191 0.028820
262 1547795084 0.279931 0.800000 0.084110 0.377882 0.074135
265 1547795084 0.035818 0.800000 0.028041 0.041160 0.001045
274 1547795084 0.084553 0.800000 0.006844 0.300751 0.018194
271 1547795085 0.021164 1.200000 0.013051 0.025438 0.000556
268 1547795085 0.008896 1.200000 0.002095 0.011223 0.000106
262 1547795085 0.077292 1.200000 0.034094 0.091886 0.007627
265 1547795085 0.033011 1.200000 0.012090 0.039303 0.001414
274 1547795085 0.013581 1.200000 0.006672 0.016427 0.000234
262 1547795086 0.077292 1.200000 0.034094 0.091886 0.007627
265 1547795086 0.033011 1.200000 0.012090 0.039303 0.001414
268 1547795086 0.008896 1.200000 0.002095 0.011223 0.000106
271 1547795086 0.021164 1.200000 0.013051 0.025438 0.000556
274 1547795086 0.013581 1.200000 0.006672 0.016427 0.000234
271 1547795087 0.021164 1.200000 0.013051 0.025438 0.000556
268 1547795087 0.008896 1.200000 0.002095 0.011223 0.000106
262 1547795087 0.077292 1.200000 0.034094 0.091886 0.007627
265 1547795087 0.033011 1.200000 0.012090 0.039303 0.001414
274 1547795087 0.013581 1.200000 0.006672 0.016427 0.000234
271 1547795088 0.021164 1.200000 0.013051 0.025438 0.000556
268 1547795088 0.008896 1.200000 0.002095 0.011223 0.000106
262 1547795088 0.077292 1.200000 0.034094 0.091886 0.007627
265 1547795088 0.033011 1.200000 0.012090 0.039303 0.001414
274 1547795088 0.013581 1.200000 0.006672 0.016427 0.000234
271 1547795089 0.021164 1.200000 0.013051 0.025438 0.000556
268 1547795089 0.008896 1.200000 0.002095 0.011223 0.000106
262 1547795089 0.077292 1.200000 0.034094 0.091886 0.007627
265 1547795089 0.033011 1.200000 0.012090 0.039303 0.001414
274 1547795089 0.013581 1.200000 0.006672 0.016427 0.000234
271 1547795090 0.020402 1.000000 0.013232 0.024184 0.000434
268 1547795090 0.007163 0.800000 0.002018 0.013489 0.000061
262 1547795090 0.148768 0.800000 0.044090 0.365765 0.030577
265 1547795090 0.109151 0.800000 0.013333 0.343699 0.024295
274 1547795090 0.012218 0.800000 0.006610 0.016853 0.000134
262 1547795091 0.148768 0.800000 0.044090 0.365765 0.030577
265 1547795091 0.109151 0.800000 0.013333 0.343699 0.024295
268 1547795091 0.007163 0.800000 0.002018 0.013489 0.000061
271 1547795091 0.020402 1.000000 0.013232 0.024184 0.000434
274 1547795091 0.012218 0.800000 0.006610 0.016853 0.000134
271 1547795092 0.020402 1.000000 0.013232 0.024184 0.000434
268 1547795092 0.007163 0.800000 0.002018 0.013489 0.000061
262 1547795092 0.148768 0.800000 0.044090 0.365765 0.030577
265 1547795092 0.109151 0.800000 0.013333 0.343699 0.024295
274 1547795092 0.012218 0.800000 0.006610 0.016853 0.000134
271 1547795093 0.020402 1.000000 0.013232 0.024184 0.000434
268 1547795093 0.007163 0.800000 0.002018 0.013489 0.000061
262 1547795093 0.148768 0.800000 0.044090 0.365765 0.030577
265 1547795093 0.109151 0.800000 0.013333 0.343699 0.024295
274 1547795093 0.012218 0.800000 0.006610 0.016853 0.000134
271 1547795094 0.020402 1.000000 0.013232 0.024184 0.000434
268 1547795094 0.007163 0.800000 0.002018 0.013489 0.000061
262 1547795094 0.148768 0.800000 0.044090 0.365765 0.030577
265 1547795094 0.109151 0.800000 0.013333 0.343699 0.024295
274 1547795094 0.012218 0.800000 0.006610 0.016853 0.000134
271 1547795095 0.021877 1.000000 0.016858 0.024233 0.000485
268 1547795095 0.005978 1.200000 0.001994 0.012315 0.000064
262 1547795095 0.165267 1.200000 0.049958 0.411100 0.052376
265 1547795095 0.123514 1.200000 0.014830 0.378852 0.039806
274 1547795095 0.013234 1.200000 0.006876 0.021696 0.000241
262 1547795096 0.165267 1.200000 0.049958 0.411100 0.052376
265 1547795096 0.123514 1.200000 0.014830 0.378852 0.039806
268 1547795096 0.005978 1.200000 0.001994 0.012315 0.000064
271 1547795096 0.021877 1.000000 0.016858 0.024233 0.000485
274 1547795096 0.013234 1.200000 0.006876 0.021696 0.000241
271 1547795097 0.021877 1.000000 0.016858 0.024233 0.000485
268 1547795097 0.005978 1.200000 0.001994 0.012315 0.000064
262 1547795097 0.165267 1.200000 0.049958 0.411100 0.052376
265 1547795097 0.123514 1.200000 0.014830 0.378852 0.039806
274 1547795097 0.013234 1.200000 0.006876 0.021696 0.000241
271 1547795098 0.021877 1.000000 0.016858 0.024233 0.000485
268 1547795098 0.005978 1.200000 0.001994 0.012315 0.000064
262 1547795098 0.165267 1.200000 0.049958 0.411100 0.052376
265 1547795098 0.123514 1.200000 0.014830 0.378852 0.039806
274 1547795098 0.013234 1.200000 0.006876 0.021696 0.000241
271 1547795099 0.021877 1.000000 0.016858 0.024233 0.000485
268 1547795099 0.005978 1.200000 0.001994 0.012315 0.000064
262 1547795099 0.165267 1.200000 0.049958 0.411100 0.052376
265 1547795099 0.123514 1.200000 0.014830 0.378852 0.039806
274 1547795099 0.013234 1.200000 0.006876 0.021696 0.000241
271 1547795100 0.017157 0.800000 0.014956 0.021059 0.000240
268 1547795100 0.004431 0.800000 0.001967 0.011775 0.000030
262 1547795100 0.054199 0.800000 0.037194 0.083561 0.002636
265 1547795100 0.022367 0.800000 0.011774 0.035615 0.000490
274 1547795100 0.009901 0.800000 0.008308 0.014427 0.000084
262 1547795101 0.054199 0.800000 0.037194 0.083561 0.002636
265 1547795101 0.022367 0.800000 0.011774 0.035615 0.000490
268 1547795101 0.004431 0.800000 0.001967 0.011775 0.000030
271 1547795101 0.017157 0.800000 0.014956 0.021059 0.000240
274 1547795101 0.009901 0.800000 0.008308 0.014427 0.000084
271 1547795102 0.017157 0.800000 0.014956 0.021059 0.000240
268 1547795102 0.004431 0.800000 0.001967 0.011775 0.000030
262 1547795102 0.054199 0.800000 0.037194 0.083561 0.002636
265 1547795102 0.022367 0.800000 0.011774 0.035615 0.000490
274 1547795102 0.009901 0.800000 0.008308 0.014427 0.000084
271 1547795103 0.017157 0.800000 0.014956 0.021059 0.000240
268 1547795103 0.004431 0.800000 0.001967 0.011775 0.000030
262 1547795103 0.054199 0.800000 0.037194 0.083561 0.002636
265 1547795103 0.022367 0.800000 0.011774 0.035615 0.000490
274 1547795103 0.009901 0.800000 0.008308 0.014427 0.000084
271 1547795104 0.017157 0.800000 0.014956 0.021059 0.000240
268 1547795104 0.004431 0.800000 0.001967 0.011775 0.000030
262 1547795104 0.054199 0.800000 0.037194 0.083561 0.002636
265 1547795104 0.022367 0.800000 0.011774 0.035615 0.000490
274 1547795104 0.009901 0.800000 0.008308 0.014427 0.000084
271 1547795105 0.020249 1.600000 0.014442 0.024697 0.000684
268 1547795105 0.006198 1.600000 0.001964 0.011795 0.000085
262 1547795105 0.070816 1.600000 0.035520 0.116496 0.009649
265 1547795105 0.029940 1.600000 0.012333 0.062073 0.001999
274 1547795105 0.013975 1.600000 0.006442 0.024397 0.000367
262 1547795106 0.070816 1.600000 0.035520 0.116496 0.009649
265 1547795106 0.029940 1.600000 0.012333 0.062073 0.001999
268 1547795106 0.006198 1.600000 0.001964 0.011795 0.000085
271 1547795106 0.020249 1.600000 0.014442 0.024697 0.000684
274 1547795106 0.013975 1.600000 0.006442 0.024397 0.000367
271 1547795107 0.020249 1.600000 0.014442 0.024697 0.000684
268 1547795107 0.006198 1.600000 0.001964 0.011795 0.000085
262 1547795107 0.070816 1.600000 0.035520 0.116496 0.009649
265 1547795107 0.029940 1.600000 0.012333 0.062073 0.001999
274 1547795107 0.013975 1.600000 0.006442 0.024397 0.000367
271 1547795108 0.020249 1.600000 0.014442 0.024697 0.000684
268 1547795108 0.006198 1.600000 0.001964 0.011795 0.000085
262 1547795108 0.070816 1.600000 0.035520 0.116496 0.009649
265 1547795108 0.029940 1.600000 0.012333 0.062073 0.001999
274 1547795108 0.013975 1.600000 0.006442 0.024397 0.000367
271 1547795109 0.020249 1.600000 0.014442 0.024697 0.000684
268 1547795109 0.006198 1.600000 0.001964 0.011795 0.000085
262 1547795109 0.070816 1.600000 0.035520 0.116496 0.009649
265 1547795109 0.029940 1.600000 0.012333 0.062073 0.001999
274 1547795109 0.013975 1.600000 0.006442 0.024397 0.000367
271 1547795110 0.036371 1.200000 0.015890 0.108791 0.002872
268 1547795110 0.007321 1.200000 0.002310 0.010232 0.000078
262 1547795110 0.131478 1.200000 0.041617 0.299032 0.029325
265 1547795110 0.071917 1.200000 0.013323 0.269139 0.015635
274 1547795110 0.015319 1.200000 0.009270 0.019619 0.000300
262 1547795111 0.131478 1.200000 0.041617 0.299032 0.029325
265 1547795111 0.071917 1.200000 0.013323 0.269139 0.015635
268 1547795111 0.007321 1.200000 0.002310 0.010232 0.000078
271 1547795111 0.036371 1.200000 0.015890 0.108791 0.002872
274 1547795111 0.015319 1.200000 0.009270 0.019619 0.000300
271 1547795112 0.036371 1.200000 0.015890 0.108791 0.002872
268 1547795112 0.007321 1.200000 0.002310 0.010232 0.000078
262 1547795112 0.131478 1.200000 0.041617 0.299032 0.029325
265 1547795112 0.071917 1.200000 0.013323 0.269139 0.015635
274 1547795112 0.015319 1.200000 0.009270 0.019619 0.000300
271 1547795113 0.036371 1.200000 0.015890 0.108791 0.002872
268 1547795113 0.007321 1.200000 0.002310 0.010232 0.000078
262 1547795113 0.131478 1.200000 0.041617 0.299032 0.029325
265 1547795113 0.071917 1.200000 0.013323 0.269139 0.015635
274 1547795113 0.015319 1.200000 0.009270 0.019619 0.000300
271 1547795114 0.036371 1.200000 0.015890 0.108791 0.002872
268 1547795114 0.007321 1.200000 0.002310 0.010232 0.000078
262 1547795114 0.131478 1.200000 0.041617 0.299032 0.029325
265 1547795114 0.071917 1.200000 0.013323 0.269139 0.015635
274 1547795114 0.015319 1.200000 0.009270 0.019619 0.000300
271 1547795115 0.020601 1.600000 0.013847 0.025748 0.000708
268 1547795115 0.007684 1.400000 0.002035 0.013293 0.000106
262 1547795115 0.109924 1.400000 0.035844 0.247232 0.022934
265 1547795115 0.063810 1.600000 0.013093 0.213367 0.012376
274 1547795115 0.016723 1.400000 0.006666 0.030672 0.000505
262 1547795116 0.109924 1.400000 0.035844 0.247232 0.022934
265 1547795116 0.063810 1.600000 0.013093 0.213367 0.012376
268 1547795116 0.007684 1.400000 0.002035 0.013293 0.000106
271 1547795116 0.020601 1.600000 0.013847 0.025748 0.000708
274 1547795116 0.016723 1.400000 0.006666 0.030672 0.000505
271 1547795117 0.020601 1.600000 0.013847 0.025748 0.000708
268 1547795117 0.007684 1.400000 0.002035 0.013293 0.000106
262 1547795117 0.109924 1.400000 0.035844 0.247232 0.022934
265 1547795117 0.063810 1.600000 0.013093 0.213367 0.012376
274 1547795117 0.016723 1.400000 0.006666 0.030672 0.000505
271 1547795118 0.020601 1.600000 0.013847 0.025748 0.000708
268 1547795118 0.007684 1.400000 0.002035 0.013293 0.000106
262 1547795118 0.109924 1.400000 0.035844 0.247232 0.022934
265 1547795118 0.063810 1.600000 0.013093 0.213367 0.012376
274 1547795118 0.016723 1.400000 0.006666 0.030672 0.000505
271 1547795119 0.020601 1.600000 0.013847 0.025748 0.000708
268 1547795119 0.007684 1.400000 0.002035 0.013293 0.000106
262 1547795119 0.109924 1.400000 0.035844 0.247232 0.022934
265 1547795119 0.063810 1.600000 0.013093 0.213367 0.012376
274 1547795119 0.016723 1.400000 0.006666 0.030672 0.000505
271 1547795120 0.026804 1.000000 0.019648 0.044996 0.000805
268 1547795120 0.007580 1.200000 0.002216 0.010963 0.000082
262 1547795120 0.159947 1.200000 0.050173 0.308681 0.044409
265 1547795120 0.120516 1.000000 0.017033 0.261941 0.026892
274 1547795120 0.015832 1.200000 0.009141 0.030070 0.000358
262 1547795121 0.159947 1.200000 0.050173 0.308681 0.044409
265 1547795121 0.120516 1.000000 0.017033 0.261941 0.026892
268 1547795121 0.007580 1.200000 0.002216 0.010963 0.000082
271 1547795121 0.026804 1.000000 0.019648 0.044996 0.000805
274 1547795121 0.015832 1.200000 0.009141 0.030070 0.000358
271 1547795122 0.026804 1.000000 0.019648 0.044996 0.000805
268 1547795122 0.007580 1.200000 0.002216 0.010963 0.000082
262 1547795122 0.159947 1.200000 0.050173 0.308681 0.044409
265 1547795122 0.120516 1.000000 0.017033 0.261941 0.026892
274 1547795122 0.015832 1.200000 0.009141 0.030070 0.000358
271 1547795123 0.026804 1.000000 0.019648 0.044996 0.000805
268 1547795123 0.007580 1.200000 0.002216 0.010963 0.000082
262 1547795123 0.159947 1.200000 0.050173 0.308681 0.044409
265 1547795123 0.120516 1.000000 0.017033 0.261941 0.026892
274 1547795123 0.015832 1.200000 0.009141 0.030070 0.000358
271 1547795124 0.026804 1.000000 0.019648 0.044996 0.000805
268 1547795124 0.007580 1.200000 0.002216 0.010963 0.000082
262 1547795124 0.159947 1.200000 0.050173 0.308681 0.044409
265 1547795124 0.120516 1.000000 0.017033 0.261941 0.026892
274 1547795124 0.015832 1.200000 0.009141 0.030070 0.000358
271 1547795125 0.020162 1.600000 0.012882 0.029972 0.000694
268 1547795125 0.007492 1.400000 0.002096 0.015782 0.000113
262 1547795125 0.072764 1.400000 0.041422 0.099587 0.008330
265 1547795125 0.028033 1.600000 0.013096 0.050466 0.001570
274 1547795125 0.013506 1.400000 0.008683 0.016885 0.000273
262 1547795126 0.072764 1.400000 0.041422 0.099587 0.008330
265 1547795126 0.028033 1.600000 0.013096 0.050466 0.001570
268 1547795126 0.007492 1.400000 0.002096 0.015782 0.000113
271 1547795126 0.020162 1.600000 0.012882 0.029972 0.000694
274 1547795126 0.013506 1.400000 0.008683 0.016885 0.000273
271 1547795127 0.020162 1.600000 0.012882 0.029972 0.000694
268 1547795127 0.007492 1.400000 0.002096 0.015782 0.000113
262 1547795127 0.072764 1.400000 0.041422 0.099587 0.008330
265 1547795127 0.028033 1.600000 0.013096 0.050466 0.001570
274 1547795127 0.013506 1.400000 0.008683 0.016885 0.000273
271 1547795128 0.020162 1.600000 0.012882 0.029972 0.000694
268 1547795128 0.007492 1.400000 0.002096 0.015782 0.000113
262 1547795128 0.072764 1.400000 0.041422 0.099587 0.008330
265 1547795128 0.028033 1.600000 0.013096 0.050466 0.001570
274 1547795128 0.013506 1.400000 0.008683 0.016885 0.000273
271 1547795129 0.020162 1.600000 0.012882 0.029972 0.000694
268 1547795129 0.007492 1.400000 0.002096 0.015782 0.000113
262 1547795129 0.072764 1.400000 0.041422 0.099587 0.008330
265 1547795129 0.028033 1.600000 0.013096 0.050466 0.001570
274 1547795129 0.013506 1.400000 0.008683 0.016885 0.000273
271 1547795130 0.023826 0.600000 0.015150 0.040859 0.000428
268 1547795130 0.004363 0.800000 0.002239 0.009601 0.000023
262 1547795130 0.199787 0.800000 0.054597 0.400650 0.046271
265 1547795130 0.026096 0.600000 0.012403 0.037821 0.000474
274 1547795130 0.151094 0.800000 0.008928 0.369616 0.036116
262 1547795131 0.199787 0.800000 0.054597 0.400650 0.046271
265 1547795131 0.026096 0.600000 0.012403 0.037821 0.000474
268 1547795131 0.004363 0.800000 0.002239 0.009601 0.000023
271 1547795131 0.023826 0.600000 0.015150 0.040859 0.000428
274 1547795131 0.151094 0.800000 0.008928 0.369616 0.036116
271 1547795132 0.023826 0.600000 0.015150 0.040859 0.000428
268 1547795132 0.004363 0.800000 0.002239 0.009601 0.000023
262 1547795132 0.199787 0.800000 0.054597 0.400650 0.046271
265 1547795132 0.026096 0.600000 0.012403 0.037821 0.000474
274 1547795132 0.151094 0.800000 0.008928 0.369616 0.036116
271 1547795133 0.023826 0.600000 0.015150 0.040859 0.000428
268 1547795133 0.004363 0.800000 0.002239 0.009601 0.000023
262 1547795133 0.199787 0.800000 0.054597 0.400650 0.046271
265 1547795133 0.026096 0.600000 0.012403 0.037821 0.000474
274 1547795133 0.151094 0.800000 0.008928 0.369616 0.036116
271 1547795134 0.023826 0.600000 0.015150 0.040859 0.000428
268 1547795134 0.004363 0.800000 0.002239 0.009601 0.000023
262 1547795134 0.199787 0.800000 0.054597 0.400650 0.046271
265 1547795134 0.026096 0.600000 0.012403 0.037821 0.000474
274 1547795134 0.151094 0.800000 0.008928 0.369616 0.036116
271 1547795135 0.020897 1.000000 0.015476 0.026675 0.000454
271 1547795136 0.020897 1.000000 0.015476 0.026675 0.000454
268 1547795135 0.006689 1.000000 0.002048 0.010658 0.000060
268 1547795136 0.006689 1.000000 0.002048 0.010658 0.000060
262 1547795135 0.121132 1.000000 0.039346 0.330567 0.026224
262 1547795136 0.121132 1.000000 0.039346 0.330567 0.026224
265 1547795135 0.079498 1.000000 0.012453 0.278711 0.016414
265 1547795136 0.079498 1.000000 0.012453 0.278711 0.016414
274 1547795135 0.013477 1.000000 0.007183 0.017925 0.000202
274 1547795136 0.013477 1.000000 0.007183 0.017925 0.000202
271 1547795137 0.020897 1.000000 0.015476 0.026675 0.000454
268 1547795137 0.006689 1.000000 0.002048 0.010658 0.000060
262 1547795137 0.121132 1.000000 0.039346 0.330567 0.026224
265 1547795137 0.079498 1.000000 0.012453 0.278711 0.016414
274 1547795137 0.013477 1.000000 0.007183 0.017925 0.000202
271 1547795138 0.020897 1.000000 0.015476 0.026675 0.000454
268 1547795138 0.006689 1.000000 0.002048 0.010658 0.000060
262 1547795138 0.121132 1.000000 0.039346 0.330567 0.026224
265 1547795138 0.079498 1.000000 0.012453 0.278711 0.016414
274 1547795138 0.013477 1.000000 0.007183 0.017925 0.000202
271 1547795139 0.020897 1.000000 0.015476 0.026675 0.000454
268 1547795139 0.006689 1.000000 0.002048 0.010658 0.000060
262 1547795139 0.121132 1.000000 0.039346 0.330567 0.026224
265 1547795139 0.079498 1.000000 0.012453 0.278711 0.016414
274 1547795139 0.013477 1.000000 0.007183 0.017925 0.000202
271 1547795140 0.025347 1.200000 0.013715 0.048574 0.000929
268 1547795140 0.042024 1.200000 0.002023 0.226408 0.010293
262 1547795140 0.103709 1.200000 0.035132 0.302773 0.022939
265 1547795140 0.024341 1.200000 0.012076 0.037930 0.000878
274 1547795140 0.011521 1.200000 0.006559 0.017222 0.000183
271 1547795141 0.025347 1.200000 0.013715 0.048574 0.000929
268 1547795141 0.042024 1.200000 0.002023 0.226408 0.010293
262 1547795141 0.103709 1.200000 0.035132 0.302773 0.022939
265 1547795141 0.024341 1.200000 0.012076 0.037930 0.000878
274 1547795141 0.011521 1.200000 0.006559 0.017222 0.000183
271 1547795142 0.025347 1.200000 0.013715 0.048574 0.000929
268 1547795142 0.042024 1.200000 0.002023 0.226408 0.010293
262 1547795142 0.103709 1.200000 0.035132 0.302773 0.022939
265 1547795142 0.024341 1.200000 0.012076 0.037930 0.000878
274 1547795142 0.011521 1.200000 0.006559 0.017222 0.000183
271 1547795143 0.025347 1.200000 0.013715 0.048574 0.000929
268 1547795143 0.042024 1.200000 0.002023 0.226408 0.010293
262 1547795143 0.103709 1.200000 0.035132 0.302773 0.022939
265 1547795143 0.024341 1.200000 0.012076 0.037930 0.000878
274 1547795143 0.011521 1.200000 0.006559 0.017222 0.000183
271 1547795144 0.025347 1.200000 0.013715 0.048574 0.000929
268 1547795144 0.042024 1.200000 0.002023 0.226408 0.010293
262 1547795144 0.103709 1.200000 0.035132 0.302773 0.022939
265 1547795144 0.024341 1.200000 0.012076 0.037930 0.000878
274 1547795144 0.011521 1.200000 0.006559 0.017222 0.000183
271 1547795145 0.069473 1.400000 0.014817 0.276553 0.017573
268 1547795145 0.003515 1.400000 0.002011 0.009357 0.000025
262 1547795145 0.297286 1.400000 0.044338 0.812904 0.234295
265 1547795145 0.139715 1.400000 0.012481 0.369524 0.055725
274 1547795145 0.084319 1.400000 0.008792 0.515987 0.053454
271 1547795146 0.069473 1.400000 0.014817 0.276553 0.017573
268 1547795146 0.003515 1.400000 0.002011 0.009357 0.000025
262 1547795146 0.297286 1.400000 0.044338 0.812904 0.234295
265 1547795146 0.139715 1.400000 0.012481 0.369524 0.055725
274 1547795146 0.084319 1.400000 0.008792 0.515987 0.053454
271 1547795147 0.069473 1.400000 0.014817 0.276553 0.017573
268 1547795147 0.003515 1.400000 0.002011 0.009357 0.000025
262 1547795147 0.297286 1.400000 0.044338 0.812904 0.234295
265 1547795147 0.139715 1.400000 0.012481 0.369524 0.055725
274 1547795147 0.084319 1.400000 0.008792 0.515987 0.053454
271 1547795148 0.069473 1.400000 0.014817 0.276553 0.017573
268 1547795148 0.003515 1.400000 0.002011 0.009357 0.000025
262 1547795148 0.297286 1.400000 0.044338 0.812904 0.234295
265 1547795148 0.139715 1.400000 0.012481 0.369524 0.055725
274 1547795148 0.084319 1.400000 0.008792 0.515987 0.053454
271 1547795149 0.069473 1.400000 0.014817 0.276553 0.017573
268 1547795149 0.003515 1.400000 0.002011 0.009357 0.000025
262 1547795149 0.297286 1.400000 0.044338 0.812904 0.234295
265 1547795149 0.139715 1.400000 0.012481 0.369524 0.055725
274 1547795149 0.084319 1.400000 0.008792 0.515987 0.053454
271 1547795150 0.029780 1.600000 0.015290 0.102404 0.002645
268 1547795150 0.004860 1.600000 0.002060 0.011513 0.000056
262 1547795150 0.070493 1.600000 0.038683 0.158450 0.010591
265 1547795150 0.022463 1.600000 0.012515 0.054943 0.001116
274 1547795150 0.013108 1.600000 0.008572 0.020095 0.000303
271 1547795151 0.029780 1.600000 0.015290 0.102404 0.002645
268 1547795151 0.004860 1.600000 0.002060 0.011513 0.000056
262 1547795151 0.070493 1.600000 0.038683 0.158450 0.010591
265 1547795151 0.022463 1.600000 0.012515 0.054943 0.001116
274 1547795151 0.013108 1.600000 0.008572 0.020095 0.000303
271 1547795152 0.029780 1.600000 0.015290 0.102404 0.002645
268 1547795152 0.004860 1.600000 0.002060 0.011513 0.000056
262 1547795152 0.070493 1.600000 0.038683 0.158450 0.010591
265 1547795152 0.022463 1.600000 0.012515 0.054943 0.001116
274 1547795152 0.013108 1.600000 0.008572 0.020095 0.000303
271 1547795153 0.029780 1.600000 0.015290 0.102404 0.002645
268 1547795153 0.004860 1.600000 0.002060 0.011513 0.000056
262 1547795153 0.070493 1.600000 0.038683 0.158450 0.010591
265 1547795153 0.022463 1.600000 0.012515 0.054943 0.001116
274 1547795153 0.013108 1.600000 0.008572 0.020095 0.000303
271 1547795154 0.029780 1.600000 0.015290 0.102404 0.002645
268 1547795154 0.004860 1.600000 0.002060 0.011513 0.000056
262 1547795154 0.070493 1.600000 0.038683 0.158450 0.010591
265 1547795154 0.022463 1.600000 0.012515 0.054943 0.001116
274 1547795154 0.013108 1.600000 0.008572 0.020095 0.000303
271 1547795155 0.021498 1.000000 0.013324 0.034164 0.000514
268 1547795155 0.006666 1.000000 0.002216 0.009599 0.000056
262 1547795155 0.191440 1.000000 0.034549 0.450529 0.061012
265 1547795155 0.099757 1.000000 0.011946 0.388692 0.031038
274 1547795155 0.063026 1.000000 0.006562 0.259205 0.013610
262 1547795156 0.191440 1.000000 0.034549 0.450529 0.061012
265 1547795156 0.099757 1.000000 0.011946 0.388692 0.031038
268 1547795156 0.006666 1.000000 0.002216 0.009599 0.000056
271 1547795156 0.021498 1.000000 0.013324 0.034164 0.000514
274 1547795156 0.063026 1.000000 0.006562 0.259205 0.013610
271 1547795157 0.021498 1.000000 0.013324 0.034164 0.000514
268 1547795157 0.006666 1.000000 0.002216 0.009599 0.000056
262 1547795157 0.191440 1.000000 0.034549 0.450529 0.061012
265 1547795157 0.099757 1.000000 0.011946 0.388692 0.031038
274 1547795157 0.063026 1.000000 0.006562 0.259205 0.013610
271 1547795158 0.021498 1.000000 0.013324 0.034164 0.000514
268 1547795158 0.006666 1.000000 0.002216 0.009599 0.000056
262 1547795158 0.191440 1.000000 0.034549 0.450529 0.061012
265 1547795158 0.099757 1.000000 0.011946 0.388692 0.031038
274 1547795158 0.063026 1.000000 0.006562 0.259205 0.013610
271 1547795159 0.021498 1.000000 0.013324 0.034164 0.000514
268 1547795159 0.006666 1.000000 0.002216 0.009599 0.000056
262 1547795159 0.191440 1.000000 0.034549 0.450529 0.061012
265 1547795159 0.099757 1.000000 0.011946 0.388692 0.031038
274 1547795159 0.063026 1.000000 0.006562 0.259205 0.013610
271 1547795160 0.037276 1.400000 0.013569 0.105318 0.003221
268 1547795160 0.040881 1.200000 0.001973 0.205500 0.008519
262 1547795160 0.135276 1.200000 0.035558 0.251161 0.027845
265 1547795160 0.031769 1.400000 0.012491 0.056700 0.001838
274 1547795160 0.018108 1.200000 0.006689 0.039921 0.000530
262 1547795161 0.135276 1.200000 0.035558 0.251161 0.027845
265 1547795161 0.031769 1.400000 0.012491 0.056700 0.001838
268 1547795161 0.040881 1.200000 0.001973 0.205500 0.008519
271 1547795161 0.037276 1.400000 0.013569 0.105318 0.003221
274 1547795161 0.018108 1.200000 0.006689 0.039921 0.000530
271 1547795162 0.037276 1.400000 0.013569 0.105318 0.003221
268 1547795162 0.040881 1.200000 0.001973 0.205500 0.008519
262 1547795162 0.135276 1.200000 0.035558 0.251161 0.027845
265 1547795162 0.031769 1.400000 0.012491 0.056700 0.001838
274 1547795162 0.018108 1.200000 0.006689 0.039921 0.000530
271 1547795163 0.037276 1.400000 0.013569 0.105318 0.003221
268 1547795163 0.040881 1.200000 0.001973 0.205500 0.008519
262 1547795163 0.135276 1.200000 0.035558 0.251161 0.027845
265 1547795163 0.031769 1.400000 0.012491 0.056700 0.001838
274 1547795163 0.018108 1.200000 0.006689 0.039921 0.000530
271 1547795164 0.037276 1.400000 0.013569 0.105318 0.003221
268 1547795164 0.040881 1.200000 0.001973 0.205500 0.008519
262 1547795164 0.135276 1.200000 0.035558 0.251161 0.027845
265 1547795164 0.031769 1.400000 0.012491 0.056700 0.001838
274 1547795164 0.018108 1.200000 0.006689 0.039921 0.000530
271 1547795165 0.032765 1.400000 0.015594 0.056303 0.001713
268 1547795165 0.003746 1.400000 0.002188 0.009326 0.000028
262 1547795165 0.144514 1.400000 0.055531 0.349438 0.047191
265 1547795165 0.062955 1.200000 0.016487 0.242818 0.012563
274 1547795165 0.057773 1.400000 0.009004 0.318160 0.020517
262 1547795166 0.144514 1.400000 0.055531 0.349438 0.047191
265 1547795166 0.062955 1.200000 0.016487 0.242818 0.012563
268 1547795166 0.003746 1.400000 0.002188 0.009326 0.000028
271 1547795166 0.032765 1.400000 0.015594 0.056303 0.001713
274 1547795166 0.057773 1.400000 0.009004 0.318160 0.020517
271 1547795167 0.032765 1.400000 0.015594 0.056303 0.001713
268 1547795167 0.003746 1.400000 0.002188 0.009326 0.000028
262 1547795167 0.144514 1.400000 0.055531 0.349438 0.047191
265 1547795167 0.062955 1.200000 0.016487 0.242818 0.012563
274 1547795167 0.057773 1.400000 0.009004 0.318160 0.020517
271 1547795168 0.032765 1.400000 0.015594 0.056303 0.001713
268 1547795168 0.003746 1.400000 0.002188 0.009326 0.000028
262 1547795168 0.144514 1.400000 0.055531 0.349438 0.047191
265 1547795168 0.062955 1.200000 0.016487 0.242818 0.012563
274 1547795168 0.057773 1.400000 0.009004 0.318160 0.020517
271 1547795169 0.032765 1.400000 0.015594 0.056303 0.001713
268 1547795169 0.003746 1.400000 0.002188 0.009326 0.000028
262 1547795169 0.144514 1.400000 0.055531 0.349438 0.047191
265 1547795169 0.062955 1.200000 0.016487 0.242818 0.012563
274 1547795169 0.057773 1.400000 0.009004 0.318160 0.020517
271 1547795170 0.032649 1.000000 0.015380 0.077116 0.001572
268 1547795170 0.051292 1.000000 0.002229 0.229551 0.010583
262 1547795170 0.467709 1.000000 0.056414 1.119463 0.457793
265 1547795170 0.373372 1.000000 0.028160 1.067529 0.328419
274 1547795170 0.014062 1.000000 0.009580 0.016912 0.000208
262 1547795171 0.467709 1.000000 0.056414 1.119463 0.457793
265 1547795171 0.373372 1.000000 0.028160 1.067529 0.328419
268 1547795171 0.051292 1.000000 0.002229 0.229551 0.010583
271 1547795171 0.032649 1.000000 0.015380 0.077116 0.001572
274 1547795171 0.014062 1.000000 0.009580 0.016912 0.000208
271 1547795172 0.032649 1.000000 0.015380 0.077116 0.001572
268 1547795172 0.051292 1.000000 0.002229 0.229551 0.010583
262 1547795172 0.467709 1.000000 0.056414 1.119463 0.457793
265 1547795172 0.373372 1.000000 0.028160 1.067529 0.328419
274 1547795172 0.014062 1.000000 0.009580 0.016912 0.000208
271 1547795173 0.032649 1.000000 0.015380 0.077116 0.001572
268 1547795173 0.051292 1.000000 0.002229 0.229551 0.010583
262 1547795173 0.467709 1.000000 0.056414 1.119463 0.457793
265 1547795173 0.373372 1.000000 0.028160 1.067529 0.328419
274 1547795173 0.014062 1.000000 0.009580 0.016912 0.000208
271 1547795174 0.032649 1.000000 0.015380 0.077116 0.001572
268 1547795174 0.051292 1.000000 0.002229 0.229551 0.010583
262 1547795174 0.467709 1.000000 0.056414 1.119463 0.457793
265 1547795174 0.373372 1.000000 0.028160 1.067529 0.328419
274 1547795174 0.014062 1.000000 0.009580 0.016912 0.000208
271 1547795175 0.020110 1.400000 0.014375 0.028983 0.000601
268 1547795175 0.036444 1.400000 0.002038 0.210904 0.008996
262 1547795175 0.262523 1.400000 0.038466 1.250346 0.330177
265 1547795175 0.162224 1.600000 0.012349 1.142541 0.262032
274 1547795175 0.012559 1.600000 0.007092 0.022962 0.000297
262 1547795176 0.262523 1.400000 0.038466 1.250346 0.330177
265 1547795176 0.162224 1.600000 0.012349 1.142541 0.262032
268 1547795176 0.036444 1.400000 0.002038 0.210904 0.008996
271 1547795176 0.020110 1.400000 0.014375 0.028983 0.000601
274 1547795176 0.012559 1.600000 0.007092 0.022962 0.000297
271 1547795177 0.020110 1.400000 0.014375 0.028983 0.000601
268 1547795177 0.036444 1.400000 0.002038 0.210904 0.008996
262 1547795177 0.262523 1.400000 0.038466 1.250346 0.330177
265 1547795177 0.162224 1.600000 0.012349 1.142541 0.262032
274 1547795177 0.012559 1.600000 0.007092 0.022962 0.000297
271 1547795178 0.020110 1.400000 0.014375 0.028983 0.000601
268 1547795178 0.036444 1.400000 0.002038 0.210904 0.008996
262 1547795178 0.262523 1.400000 0.038466 1.250346 0.330177
265 1547795178 0.162224 1.600000 0.012349 1.142541 0.262032
274 1547795178 0.012559 1.600000 0.007092 0.022962 0.000297
271 1547795179 0.020110 1.400000 0.014375 0.028983 0.000601
268 1547795179 0.036444 1.400000 0.002038 0.210904 0.008996
262 1547795179 0.262523 1.400000 0.038466 1.250346 0.330177
265 1547795179 0.162224 1.600000 0.012349 1.142541 0.262032
274 1547795179 0.012559 1.600000 0.007092 0.022962 0.000297
271 1547795180 0.019693 0.600000 0.013910 0.023611 0.000243
268 1547795180 0.005694 0.800000 0.002062 0.009950 0.000037
262 1547795180 0.279646 0.800000 0.038761 0.926304 0.174547
265 1547795180 0.319514 0.600000 0.027520 0.878881 0.155182
274 1547795180 0.013323 0.600000 0.006564 0.016924 0.000120
262 1547795181 0.279646 0.800000 0.038761 0.926304 0.174547
265 1547795181 0.319514 0.600000 0.027520 0.878881 0.155182
268 1547795181 0.005694 0.800000 0.002062 0.009950 0.000037
271 1547795181 0.019693 0.600000 0.013910 0.023611 0.000243
274 1547795181 0.013323 0.600000 0.006564 0.016924 0.000120
271 1547795182 0.019693 0.600000 0.013910 0.023611 0.000243
268 1547795182 0.005694 0.800000 0.002062 0.009950 0.000037
262 1547795182 0.279646 0.800000 0.038761 0.926304 0.174547
265 1547795182 0.319514 0.600000 0.027520 0.878881 0.155182
274 1547795182 0.013323 0.600000 0.006564 0.016924 0.000120
271 1547795183 0.019693 0.600000 0.013910 0.023611 0.000243
268 1547795183 0.005694 0.800000 0.002062 0.009950 0.000037
262 1547795183 0.279646 0.800000 0.038761 0.926304 0.174547
265 1547795183 0.319514 0.600000 0.027520 0.878881 0.155182
274 1547795183 0.013323 0.600000 0.006564 0.016924 0.000120
271 1547795184 0.019693 0.600000 0.013910 0.023611 0.000243
268 1547795184 0.005694 0.800000 0.002062 0.009950 0.000037
262 1547795184 0.279646 0.800000 0.038761 0.926304 0.174547
265 1547795184 0.319514 0.600000 0.027520 0.878881 0.155182
274 1547795184 0.013323 0.600000 0.006564 0.016924 0.000120
271 1547795185 0.018532 0.400000 0.013428 0.023637 0.000148
268 1547795185 0.007467 0.400000 0.002099 0.012834 0.000034
262 1547795185 0.078242 0.400000 0.034845 0.121638 0.003202
265 1547795185 0.035112 0.400000 0.012525 0.057699 0.000697
274 1547795185 0.016671 0.400000 0.006590 0.026753 0.000152
262 1547795186 0.078242 0.400000 0.034845 0.121638 0.003202
265 1547795186 0.035112 0.400000 0.012525 0.057699 0.000697
268 1547795186 0.007467 0.400000 0.002099 0.012834 0.000034
271 1547795186 0.018532 0.400000 0.013428 0.023637 0.000148
274 1547795186 0.016671 0.400000 0.006590 0.026753 0.000152
271 1547795187 0.018532 0.400000 0.013428 0.023637 0.000148
268 1547795187 0.007467 0.400000 0.002099 0.012834 0.000034
262 1547795187 0.078242 0.400000 0.034845 0.121638 0.003202
265 1547795187 0.035112 0.400000 0.012525 0.057699 0.000697
274 1547795187 0.016671 0.400000 0.006590 0.026753 0.000152
271 1547795188 0.018532 0.400000 0.013428 0.023637 0.000148
268 1547795188 0.007467 0.400000 0.002099 0.012834 0.000034
262 1547795188 0.078242 0.400000 0.034845 0.121638 0.003202
265 1547795188 0.035112 0.400000 0.012525 0.057699 0.000697
274 1547795188 0.016671 0.400000 0.006590 0.026753 0.000152
271 1547795189 0.018532 0.400000 0.013428 0.023637 0.000148
268 1547795189 0.007467 0.400000 0.002099 0.012834 0.000034
262 1547795189 0.078242 0.400000 0.034845 0.121638 0.003202
265 1547795189 0.035112 0.400000 0.012525 0.057699 0.000697
274 1547795189 0.016671 0.400000 0.006590 0.026753 0.000152
271 1547795190 0.078972 1.200000 0.015315 0.351897 0.025402
268 1547795190 0.008395 1.200000 0.001977 0.013958 0.000100
262 1547795190 0.518883 1.200000 0.038633 1.322044 0.687543
265 1547795190 0.414358 1.200000 0.012457 1.207416 0.480459
274 1547795190 0.016607 1.200000 0.008681 0.023139 0.000354
262 1547795191 0.518883 1.200000 0.038633 1.322044 0.687543
265 1547795191 0.414358 1.200000 0.012457 1.207416 0.480459
268 1547795191 0.008395 1.200000 0.001977 0.013958 0.000100
271 1547795191 0.078972 1.200000 0.015315 0.351897 0.025402
274 1547795191 0.016607 1.200000 0.008681 0.023139 0.000354
271 1547795192 0.078972 1.200000 0.015315 0.351897 0.025402
268 1547795192 0.008395 1.200000 0.001977 0.013958 0.000100
262 1547795192 0.518883 1.200000 0.038633 1.322044 0.687543
265 1547795192 0.414358 1.200000 0.012457 1.207416 0.480459
274 1547795192 0.016607 1.200000 0.008681 0.023139 0.000354
271 1547795193 0.078972 1.200000 0.015315 0.351897 0.025402
268 1547795193 0.008395 1.200000 0.001977 0.013958 0.000100
262 1547795193 0.518883 1.200000 0.038633 1.322044 0.687543
265 1547795193 0.414358 1.200000 0.012457 1.207416 0.480459
274 1547795193 0.016607 1.200000 0.008681 0.023139 0.000354
271 1547795194 0.078972 1.200000 0.015315 0.351897 0.025402
268 1547795194 0.008395 1.200000 0.001977 0.013958 0.000100
262 1547795194 0.518883 1.200000 0.038633 1.322044 0.687543
265 1547795194 0.414358 1.200000 0.012457 1.207416 0.480459
274 1547795194 0.016607 1.200000 0.008681 0.023139 0.000354
271 1547795195 0.021105 1.600000 0.013443 0.027287 0.000752
268 1547795195 0.006548 1.600000 0.001996 0.011343 0.000095
262 1547795195 0.126418 1.600000 0.034349 0.318267 0.041396
265 1547795195 0.081772 1.600000 0.012062 0.252380 0.024388
274 1547795195 0.016519 1.600000 0.006647 0.029992 0.000520
262 1547795196 0.126418 1.600000 0.034349 0.318267 0.041396
265 1547795196 0.081772 1.600000 0.012062 0.252380 0.024388
268 1547795196 0.006548 1.600000 0.001996 0.011343 0.000095
271 1547795196 0.021105 1.600000 0.013443 0.027287 0.000752
274 1547795196 0.016519 1.600000 0.006647 0.029992 0.000520
271 1547795197 0.021105 1.600000 0.013443 0.027287 0.000752
268 1547795197 0.006548 1.600000 0.001996 0.011343 0.000095
262 1547795197 0.126418 1.600000 0.034349 0.318267 0.041396
265 1547795197 0.081772 1.600000 0.012062 0.252380 0.024388
274 1547795197 0.016519 1.600000 0.006647 0.029992 0.000520
271 1547795198 0.021105 1.600000 0.013443 0.027287 0.000752
268 1547795198 0.006548 1.600000 0.001996 0.011343 0.000095
262 1547795198 0.126418 1.600000 0.034349 0.318267 0.041396
265 1547795198 0.081772 1.600000 0.012062 0.252380 0.024388
274 1547795198 0.016519 1.600000 0.006647 0.029992 0.000520
271 1547795199 0.021105 1.600000 0.013443 0.027287 0.000752
268 1547795199 0.006548 1.600000 0.001996 0.011343 0.000095
262 1547795199 0.126418 1.600000 0.034349 0.318267 0.041396
265 1547795199 0.081772 1.600000 0.012062 0.252380 0.024388
274 1547795199 0.016519 1.600000 0.006647 0.029992 0.000520
271 1547795200 0.064549 1.000000 0.015998 0.239226 0.011803
268 1547795200 0.006602 1.000000 0.002016 0.010144 0.000057
262 1547795200 0.119019 1.000000 0.056410 0.304435 0.022924
265 1547795200 0.033759 1.000000 0.027832 0.038762 0.001158
274 1547795200 0.013581 1.000000 0.008434 0.017059 0.000196
262 1547795201 0.119019 1.000000 0.056410 0.304435 0.022924
265 1547795201 0.033759 1.000000 0.027832 0.038762 0.001158
268 1547795201 0.006602 1.000000 0.002016 0.010144 0.000057
271 1547795201 0.064549 1.000000 0.015998 0.239226 0.011803
274 1547795201 0.013581 1.000000 0.008434 0.017059 0.000196
271 1547795202 0.064549 1.000000 0.015998 0.239226 0.011803
268 1547795202 0.006602 1.000000 0.002016 0.010144 0.000057
262 1547795202 0.119019 1.000000 0.056410 0.304435 0.022924
265 1547795202 0.033759 1.000000 0.027832 0.038762 0.001158
274 1547795202 0.013581 1.000000 0.008434 0.017059 0.000196
271 1547795203 0.064549 1.000000 0.015998 0.239226 0.011803
268 1547795203 0.006602 1.000000 0.002016 0.010144 0.000057
262 1547795203 0.119019 1.000000 0.056410 0.304435 0.022924
265 1547795203 0.033759 1.000000 0.027832 0.038762 0.001158
274 1547795203 0.013581 1.000000 0.008434 0.017059 0.000196
271 1547795204 0.064549 1.000000 0.015998 0.239226 0.011803
268 1547795204 0.006602 1.000000 0.002016 0.010144 0.000057
262 1547795204 0.119019 1.000000 0.056410 0.304435 0.022924
265 1547795204 0.033759 1.000000 0.027832 0.038762 0.001158
274 1547795204 0.013581 1.000000 0.008434 0.017059 0.000196
271 1547795205 0.020229 0.800000 0.015134 0.023784 0.000335
268 1547795205 0.008752 0.800000 0.002190 0.014520 0.000077
262 1547795205 0.090286 0.800000 0.037929 0.149047 0.007793
265 1547795205 0.037427 0.800000 0.012030 0.053177 0.001336
274 1547795205 0.023297 0.800000 0.008371 0.056864 0.000739
262 1547795206 0.090286 0.800000 0.037929 0.149047 0.007793
265 1547795206 0.037427 0.800000 0.012030 0.053177 0.001336
268 1547795206 0.008752 0.800000 0.002190 0.014520 0.000077
271 1547795206 0.020229 0.800000 0.015134 0.023784 0.000335
274 1547795206 0.023297 0.800000 0.008371 0.056864 0.000739
271 1547795207 0.020229 0.800000 0.015134 0.023784 0.000335
268 1547795207 0.008752 0.800000 0.002190 0.014520 0.000077
262 1547795207 0.090286 0.800000 0.037929 0.149047 0.007793
265 1547795207 0.037427 0.800000 0.012030 0.053177 0.001336
274 1547795207 0.023297 0.800000 0.008371 0.056864 0.000739
271 1547795208 0.020229 0.800000 0.015134 0.023784 0.000335
271 1547795209 0.020229 0.800000 0.015134 0.023784 0.000335
268 1547795208 0.008752 0.800000 0.002190 0.014520 0.000077
268 1547795209 0.008752 0.800000 0.002190 0.014520 0.000077
262 1547795208 0.090286 0.800000 0.037929 0.149047 0.007793
262 1547795209 0.090286 0.800000 0.037929 0.149047 0.007793
265 1547795208 0.037427 0.800000 0.012030 0.053177 0.001336
265 1547795209 0.037427 0.800000 0.012030 0.053177 0.001336
274 1547795208 0.023297 0.800000 0.008371 0.056864 0.000739
274 1547795209 0.023297 0.800000 0.008371 0.056864 0.000739
271 1547795210 0.018938 1.000000 0.014894 0.024764 0.000375
268 1547795210 0.005090 1.000000 0.002054 0.009363 0.000038
262 1547795210 0.114476 1.000000 0.038613 0.337926 0.026082
265 1547795210 0.078256 1.000000 0.012380 0.286260 0.017130
274 1547795210 0.011775 1.000000 0.006819 0.016851 0.000156
271 1547795211 0.018938 1.000000 0.014894 0.024764 0.000375
268 1547795211 0.005090 1.000000 0.002054 0.009363 0.000038
262 1547795211 0.114476 1.000000 0.038613 0.337926 0.026082
265 1547795211 0.078256 1.000000 0.012380 0.286260 0.017130
274 1547795211 0.011775 1.000000 0.006819 0.016851 0.000156
271 1547795212 0.018938 1.000000 0.014894 0.024764 0.000375
268 1547795212 0.005090 1.000000 0.002054 0.009363 0.000038
262 1547795212 0.114476 1.000000 0.038613 0.337926 0.026082
265 1547795212 0.078256 1.000000 0.012380 0.286260 0.017130
274 1547795212 0.011775 1.000000 0.006819 0.016851 0.000156
271 1547795213 0.018938 1.000000 0.014894 0.024764 0.000375
268 1547795213 0.005090 1.000000 0.002054 0.009363 0.000038
262 1547795213 0.114476 1.000000 0.038613 0.337926 0.026082
265 1547795213 0.078256 1.000000 0.012380 0.286260 0.017130
274 1547795213 0.011775 1.000000 0.006819 0.016851 0.000156
271 1547795214 0.018938 1.000000 0.014894 0.024764 0.000375
268 1547795214 0.005090 1.000000 0.002054 0.009363 0.000038
262 1547795214 0.114476 1.000000 0.038613 0.337926 0.026082
265 1547795214 0.078256 1.000000 0.012380 0.286260 0.017130
274 1547795214 0.011775 1.000000 0.006819 0.016851 0.000156
271 1547795215 0.072548 1.400000 0.015344 0.276540 0.018218
268 1547795215 0.005235 1.400000 0.002009 0.009871 0.000055
262 1547795215 0.305362 1.400000 0.041990 1.098345 0.340697
265 1547795215 0.211190 1.400000 0.013383 0.966314 0.215567
274 1547795215 0.015931 1.400000 0.008780 0.023759 0.000413
271 1547795216 0.072548 1.400000 0.015344 0.276540 0.018218
268 1547795216 0.005235 1.400000 0.002009 0.009871 0.000055
262 1547795216 0.305362 1.400000 0.041990 1.098345 0.340697
265 1547795216 0.211190 1.400000 0.013383 0.966314 0.215567
274 1547795216 0.015931 1.400000 0.008780 0.023759 0.000413
271 1547795217 0.072548 1.400000 0.015344 0.276540 0.018218
268 1547795217 0.005235 1.400000 0.002009 0.009871 0.000055
262 1547795217 0.305362 1.400000 0.041990 1.098345 0.340697
265 1547795217 0.211190 1.400000 0.013383 0.966314 0.215567
274 1547795217 0.015931 1.400000 0.008780 0.023759 0.000413
271 1547795218 0.072548 1.400000 0.015344 0.276540 0.018218
268 1547795218 0.005235 1.400000 0.002009 0.009871 0.000055
262 1547795218 0.305362 1.400000 0.041990 1.098345 0.340697
265 1547795218 0.211190 1.400000 0.013383 0.966314 0.215567
274 1547795218 0.015931 1.400000 0.008780 0.023759 0.000413
271 1547795219 0.072548 1.400000 0.015344 0.276540 0.018218
268 1547795219 0.005235 1.400000 0.002009 0.009871 0.000055
262 1547795219 0.305362 1.400000 0.041990 1.098345 0.340697
265 1547795219 0.211190 1.400000 0.013383 0.966314 0.215567
274 1547795219 0.015931 1.400000 0.008780 0.023759 0.000413
271 1547795220 0.026609 0.600000 0.022107 0.032966 0.000438
268 1547795220 0.009690 0.600000 0.008812 0.010170 0.000057
262 1547795220 0.165426 0.600000 0.081437 0.308514 0.022624
265 1547795220 0.110990 0.600000 0.034127 0.245585 0.012863
274 1547795220 0.017441 0.600000 0.015700 0.019096 0.000184
271 1547795221 0.026609 0.600000 0.022107 0.032966 0.000438
268 1547795221 0.009690 0.600000 0.008812 0.010170 0.000057
262 1547795221 0.165426 0.600000 0.081437 0.308514 0.022624
265 1547795221 0.110990 0.600000 0.034127 0.245585 0.012863
274 1547795221 0.017441 0.600000 0.015700 0.019096 0.000184
271 1547795222 0.026609 0.600000 0.022107 0.032966 0.000438
268 1547795222 0.009690 0.600000 0.008812 0.010170 0.000057
262 1547795222 0.165426 0.600000 0.081437 0.308514 0.022624
265 1547795222 0.110990 0.600000 0.034127 0.245585 0.012863
274 1547795222 0.017441 0.600000 0.015700 0.019096 0.000184
271 1547795223 0.026609 0.600000 0.022107 0.032966 0.000438
268 1547795223 0.009690 0.600000 0.008812 0.010170 0.000057
262 1547795223 0.165426 0.600000 0.081437 0.308514 0.022624
265 1547795223 0.110990 0.600000 0.034127 0.245585 0.012863
274 1547795223 0.017441 0.600000 0.015700 0.019096 0.000184
271 1547795224 0.026609 0.600000 0.022107 0.032966 0.000438
268 1547795224 0.009690 0.600000 0.008812 0.010170 0.000057
262 1547795224 0.165426 0.600000 0.081437 0.308514 0.022624
265 1547795224 0.110990 0.600000 0.034127 0.245585 0.012863
274 1547795224 0.017441 0.600000 0.015700 0.019096 0.000184
271 1547795225 0.022929 1.000000 0.013524 0.038104 0.000596
268 1547795225 0.005168 1.000000 0.002084 0.009424 0.000038
262 1547795225 0.109765 1.000000 0.045233 0.253589 0.017754
265 1547795225 0.069265 1.000000 0.016061 0.229076 0.011315
274 1547795225 0.012012 1.000000 0.007640 0.016348 0.000157
271 1547795226 0.022929 1.000000 0.013524 0.038104 0.000596
268 1547795226 0.005168 1.000000 0.002084 0.009424 0.000038
262 1547795226 0.109765 1.000000 0.045233 0.253589 0.017754
265 1547795226 0.069265 1.000000 0.016061 0.229076 0.011315
274 1547795226 0.012012 1.000000 0.007640 0.016348 0.000157
271 1547795227 0.022929 1.000000 0.013524 0.038104 0.000596
268 1547795227 0.005168 1.000000 0.002084 0.009424 0.000038
262 1547795227 0.109765 1.000000 0.045233 0.253589 0.017754
265 1547795227 0.069265 1.000000 0.016061 0.229076 0.011315
274 1547795227 0.012012 1.000000 0.007640 0.016348 0.000157
271 1547795228 0.022929 1.000000 0.013524 0.038104 0.000596
268 1547795228 0.005168 1.000000 0.002084 0.009424 0.000038
262 1547795228 0.109765 1.000000 0.045233 0.253589 0.017754
265 1547795228 0.069265 1.000000 0.016061 0.229076 0.011315
274 1547795228 0.012012 1.000000 0.007640 0.016348 0.000157
271 1547795229 0.022929 1.000000 0.013524 0.038104 0.000596
268 1547795229 0.005168 1.000000 0.002084 0.009424 0.000038
262 1547795229 0.109765 1.000000 0.045233 0.253589 0.017754
265 1547795229 0.069265 1.000000 0.016061 0.229076 0.011315
274 1547795229 0.012012 1.000000 0.007640 0.016348 0.000157
271 1547795230 0.025157 1.200000 0.015326 0.032794 0.000800
268 1547795230 0.009986 1.200000 0.002114 0.016516 0.000141
262 1547795230 0.270104 1.200000 0.039201 1.175255 0.284839
265 1547795230 0.218025 1.200000 0.012637 1.117670 0.251481
274 1547795230 0.016332 1.200000 0.008914 0.020048 0.000335
262 1547795231 0.270104 1.200000 0.039201 1.175255 0.284839
265 1547795231 0.218025 1.200000 0.012637 1.117670 0.251481
268 1547795231 0.009986 1.200000 0.002114 0.016516 0.000141
271 1547795231 0.025157 1.200000 0.015326 0.032794 0.000800
274 1547795231 0.016332 1.200000 0.008914 0.020048 0.000335
271 1547795232 0.025157 1.200000 0.015326 0.032794 0.000800
268 1547795232 0.009986 1.200000 0.002114 0.016516 0.000141
262 1547795232 0.270104 1.200000 0.039201 1.175255 0.284839
265 1547795232 0.218025 1.200000 0.012637 1.117670 0.251481
274 1547795232 0.016332 1.200000 0.008914 0.020048 0.000335
271 1547795233 0.025157 1.200000 0.015326 0.032794 0.000800
268 1547795233 0.009986 1.200000 0.002114 0.016516 0.000141
262 1547795233 0.270104 1.200000 0.039201 1.175255 0.284839
265 1547795233 0.218025 1.200000 0.012637 1.117670 0.251481
274 1547795233 0.016332 1.200000 0.008914 0.020048 0.000335
271 1547795234 0.025157 1.200000 0.015326 0.032794 0.000800
268 1547795234 0.009986 1.200000 0.002114 0.016516 0.000141
262 1547795234 0.270104 1.200000 0.039201 1.175255 0.284839
265 1547795234 0.218025 1.200000 0.012637 1.117670 0.251481
274 1547795234 0.016332 1.200000 0.008914 0.020048 0.000335
271 1547795235 0.017993 1.200000 0.015263 0.024020 0.000405
268 1547795235 0.004360 1.200000 0.002063 0.008995 0.000035
262 1547795235 0.055965 1.200000 0.038433 0.083078 0.004214
265 1547795235 0.022011 1.200000 0.012181 0.033720 0.000697
274 1547795235 0.011237 1.200000 0.008567 0.016051 0.000165
262 1547795236 0.055965 1.200000 0.038433 0.083078 0.004214
265 1547795236 0.022011 1.200000 0.012181 0.033720 0.000697
268 1547795236 0.004360 1.200000 0.002063 0.008995 0.000035
271 1547795236 0.017993 1.200000 0.015263 0.024020 0.000405
274 1547795236 0.011237 1.200000 0.008567 0.016051 0.000165
271 1547795237 0.017993 1.200000 0.015263 0.024020 0.000405
268 1547795237 0.004360 1.200000 0.002063 0.008995 0.000035
262 1547795237 0.055965 1.200000 0.038433 0.083078 0.004214
265 1547795237 0.022011 1.200000 0.012181 0.033720 0.000697
274 1547795237 0.011237 1.200000 0.008567 0.016051 0.000165
271 1547795238 0.017993 1.200000 0.015263 0.024020 0.000405
268 1547795238 0.004360 1.200000 0.002063 0.008995 0.000035
262 1547795238 0.055965 1.200000 0.038433 0.083078 0.004214
265 1547795238 0.022011 1.200000 0.012181 0.033720 0.000697
274 1547795238 0.011237 1.200000 0.008567 0.016051 0.000165
271 1547795239 0.017993 1.200000 0.015263 0.024020 0.000405
268 1547795239 0.004360 1.200000 0.002063 0.008995 0.000035
262 1547795239 0.055965 1.200000 0.038433 0.083078 0.004214
265 1547795239 0.022011 1.200000 0.012181 0.033720 0.000697
274 1547795239 0.011237 1.200000 0.008567 0.016051 0.000165
271 1547795240 0.019298 1.400000 0.013513 0.024848 0.000549
268 1547795240 0.005893 1.400000 0.002153 0.011076 0.000068
262 1547795240 0.156076 1.400000 0.038156 0.408256 0.054104
265 1547795240 0.024724 1.400000 0.012362 0.041145 0.001064
274 1547795240 0.105720 1.400000 0.006919 0.377637 0.039299
262 1547795241 0.156076 1.400000 0.038156 0.408256 0.054104
265 1547795241 0.024724 1.400000 0.012362 0.041145 0.001064
268 1547795241 0.005893 1.400000 0.002153 0.011076 0.000068
271 1547795241 0.019298 1.400000 0.013513 0.024848 0.000549
274 1547795241 0.105720 1.400000 0.006919 0.377637 0.039299
271 1547795242 0.019298 1.400000 0.013513 0.024848 0.000549
268 1547795242 0.005893 1.400000 0.002153 0.011076 0.000068
262 1547795242 0.156076 1.400000 0.038156 0.408256 0.054104
265 1547795242 0.024724 1.400000 0.012362 0.041145 0.001064
274 1547795242 0.105720 1.400000 0.006919 0.377637 0.039299
271 1547795243 0.019298 1.400000 0.013513 0.024848 0.000549
268 1547795243 0.005893 1.400000 0.002153 0.011076 0.000068
262 1547795243 0.156076 1.400000 0.038156 0.408256 0.054104
265 1547795243 0.024724 1.400000 0.012362 0.041145 0.001064
274 1547795243 0.105720 1.400000 0.006919 0.377637 0.039299
271 1547795244 0.019298 1.400000 0.013513 0.024848 0.000549
268 1547795244 0.005893 1.400000 0.002153 0.011076 0.000068
262 1547795244 0.156076 1.400000 0.038156 0.408256 0.054104
265 1547795244 0.024724 1.400000 0.012362 0.041145 0.001064
274 1547795244 0.105720 1.400000 0.006919 0.377637 0.039299
271 1547795245 0.092732 0.800000 0.020946 0.296283 0.017933
268 1547795245 0.016536 0.800000 0.002556 0.026523 0.000292
262 1547795245 0.181657 0.800000 0.048001 0.430472 0.043736
265 1547795245 0.050119 0.800000 0.014998 0.072296 0.002430
274 1547795245 0.021735 0.800000 0.009295 0.036886 0.000470
262 1547795246 0.181657 0.800000 0.048001 0.430472 0.043736
265 1547795246 0.050119 0.800000 0.014998 0.072296 0.002430
268 1547795246 0.016536 0.800000 0.002556 0.026523 0.000292
271 1547795246 0.092732 0.800000 0.020946 0.296283 0.017933
274 1547795246 0.021735 0.800000 0.009295 0.036886 0.000470
271 1547795247 0.092732 0.800000 0.020946 0.296283 0.017933
268 1547795247 0.016536 0.800000 0.002556 0.026523 0.000292
262 1547795247 0.181657 0.800000 0.048001 0.430472 0.043736
265 1547795247 0.050119 0.800000 0.014998 0.072296 0.002430
274 1547795247 0.021735 0.800000 0.009295 0.036886 0.000470
271 1547795248 0.092732 0.800000 0.020946 0.296283 0.017933
268 1547795248 0.016536 0.800000 0.002556 0.026523 0.000292
262 1547795248 0.181657 0.800000 0.048001 0.430472 0.043736
265 1547795248 0.050119 0.800000 0.014998 0.072296 0.002430
274 1547795248 0.021735 0.800000 0.009295 0.036886 0.000470
271 1547795249 0.092732 0.800000 0.020946 0.296283 0.017933
268 1547795249 0.016536 0.800000 0.002556 0.026523 0.000292
262 1547795249 0.181657 0.800000 0.048001 0.430472 0.043736
265 1547795249 0.050119 0.800000 0.014998 0.072296 0.002430
274 1547795249 0.021735 0.800000 0.009295 0.036886 0.000470
271 1547795250 0.024888 1.000000 0.014049 0.036501 0.000704
268 1547795250 0.007931 1.000000 0.002034 0.013189 0.000087
262 1547795250 0.096742 1.000000 0.036357 0.175322 0.012249
265 1547795250 0.046578 1.000000 0.012223 0.087205 0.003220
274 1547795250 0.016835 1.000000 0.006926 0.037700 0.000405
262 1547795251 0.096742 1.000000 0.036357 0.175322 0.012249
265 1547795251 0.046578 1.000000 0.012223 0.087205 0.003220
268 1547795251 0.007931 1.000000 0.002034 0.013189 0.000087
271 1547795251 0.024888 1.000000 0.014049 0.036501 0.000704
274 1547795251 0.016835 1.000000 0.006926 0.037700 0.000405
271 1547795252 0.024888 1.000000 0.014049 0.036501 0.000704
268 1547795252 0.007931 1.000000 0.002034 0.013189 0.000087
262 1547795252 0.096742 1.000000 0.036357 0.175322 0.012249
265 1547795252 0.046578 1.000000 0.012223 0.087205 0.003220
274 1547795252 0.016835 1.000000 0.006926 0.037700 0.000405
271 1547795253 0.024888 1.000000 0.014049 0.036501 0.000704
268 1547795253 0.007931 1.000000 0.002034 0.013189 0.000087
262 1547795253 0.096742 1.000000 0.036357 0.175322 0.012249
265 1547795253 0.046578 1.000000 0.012223 0.087205 0.003220
274 1547795253 0.016835 1.000000 0.006926 0.037700 0.000405
271 1547795254 0.024888 1.000000 0.014049 0.036501 0.000704
268 1547795254 0.007931 1.000000 0.002034 0.013189 0.000087
262 1547795254 0.096742 1.000000 0.036357 0.175322 0.012249
265 1547795254 0.046578 1.000000 0.012223 0.087205 0.003220
274 1547795254 0.016835 1.000000 0.006926 0.037700 0.000405
271 1547795255 0.019665 0.800000 0.015332 0.024619 0.000324
268 1547795255 0.005949 0.600000 0.002028 0.013641 0.000039
262 1547795255 0.067138 0.600000 0.038318 0.109139 0.003258
265 1547795255 0.032952 0.800000 0.011906 0.054740 0.001064
274 1547795255 0.011522 0.600000 0.008561 0.016817 0.000088
262 1547795256 0.067138 0.600000 0.038318 0.109139 0.003258
265 1547795256 0.032952 0.800000 0.011906 0.054740 0.001064
268 1547795256 0.005949 0.600000 0.002028 0.013641 0.000039
271 1547795256 0.019665 0.800000 0.015332 0.024619 0.000324
274 1547795256 0.011522 0.600000 0.008561 0.016817 0.000088
271 1547795257 0.019665 0.800000 0.015332 0.024619 0.000324
268 1547795257 0.005949 0.600000 0.002028 0.013641 0.000039
262 1547795257 0.067138 0.600000 0.038318 0.109139 0.003258
265 1547795257 0.032952 0.800000 0.011906 0.054740 0.001064
274 1547795257 0.011522 0.600000 0.008561 0.016817 0.000088
271 1547795258 0.019665 0.800000 0.015332 0.024619 0.000324
268 1547795258 0.005949 0.600000 0.002028 0.013641 0.000039
262 1547795258 0.067138 0.600000 0.038318 0.109139 0.003258
265 1547795258 0.032952 0.800000 0.011906 0.054740 0.001064
274 1547795258 0.011522 0.600000 0.008561 0.016817 0.000088
271 1547795259 0.019665 0.800000 0.015332 0.024619 0.000324
268 1547795259 0.005949 0.600000 0.002028 0.013641 0.000039
262 1547795259 0.067138 0.600000 0.038318 0.109139 0.003258
265 1547795259 0.032952 0.800000 0.011906 0.054740 0.001064
274 1547795259 0.011522 0.600000 0.008561 0.016817 0.000088
271 1547795260 0.023517 1.400000 0.015362 0.030426 0.000801
268 1547795260 0.008277 1.400000 0.002107 0.014920 0.000122
262 1547795260 0.136355 1.400000 0.039030 0.415375 0.044948
265 1547795260 0.094781 1.200000 0.012629 0.377715 0.030182
274 1547795260 0.017156 1.400000 0.008682 0.033382 0.000489
262 1547795261 0.136355 1.400000 0.039030 0.415375 0.044948
265 1547795261 0.094781 1.200000 0.012629 0.377715 0.030182
268 1547795261 0.008277 1.400000 0.002107 0.014920 0.000122
271 1547795261 0.023517 1.400000 0.015362 0.030426 0.000801
274 1547795261 0.017156 1.400000 0.008682 0.033382 0.000489
271 1547795262 0.023517 1.400000 0.015362 0.030426 0.000801
268 1547795262 0.008277 1.400000 0.002107 0.014920 0.000122
262 1547795262 0.136355 1.400000 0.039030 0.415375 0.044948
265 1547795262 0.094781 1.200000 0.012629 0.377715 0.030182
274 1547795262 0.017156 1.400000 0.008682 0.033382 0.000489
271 1547795263 0.023517 1.400000 0.015362 0.030426 0.000801
268 1547795263 0.008277 1.400000 0.002107 0.014920 0.000122
262 1547795263 0.136355 1.400000 0.039030 0.415375 0.044948
265 1547795263 0.094781 1.200000 0.012629 0.377715 0.030182
274 1547795263 0.017156 1.400000 0.008682 0.033382 0.000489
271 1547795264 0.023517 1.400000 0.015362 0.030426 0.000801
268 1547795264 0.008277 1.400000 0.002107 0.014920 0.000122
262 1547795264 0.136355 1.400000 0.039030 0.415375 0.044948
265 1547795264 0.094781 1.200000 0.012629 0.377715 0.030182
274 1547795264 0.017156 1.400000 0.008682 0.033382 0.000489
271 1547795265 0.027694 1.000000 0.016072 0.033109 0.000803
268 1547795265 0.005451 1.200000 0.002079 0.010420 0.000049
262 1547795265 0.464176 1.200000 0.054995 1.860748 0.763945
265 1547795265 0.411792 1.200000 0.019401 1.811700 0.711208
274 1547795265 0.019771 1.200000 0.008944 0.043368 0.000621
262 1547795266 0.464176 1.200000 0.054995 1.860748 0.763945
265 1547795266 0.411792 1.200000 0.019401 1.811700 0.711208
268 1547795266 0.005451 1.200000 0.002079 0.010420 0.000049
271 1547795266 0.027694 1.000000 0.016072 0.033109 0.000803
274 1547795266 0.019771 1.200000 0.008944 0.043368 0.000621
271 1547795267 0.027694 1.000000 0.016072 0.033109 0.000803
268 1547795267 0.005451 1.200000 0.002079 0.010420 0.000049
262 1547795267 0.464176 1.200000 0.054995 1.860748 0.763945
265 1547795267 0.411792 1.200000 0.019401 1.811700 0.711208
274 1547795267 0.019771 1.200000 0.008944 0.043368 0.000621
271 1547795268 0.027694 1.000000 0.016072 0.033109 0.000803
268 1547795268 0.005451 1.200000 0.002079 0.010420 0.000049
262 1547795268 0.464176 1.200000 0.054995 1.860748 0.763945
265 1547795268 0.411792 1.200000 0.019401 1.811700 0.711208
274 1547795268 0.019771 1.200000 0.008944 0.043368 0.000621
271 1547795269 0.027694 1.000000 0.016072 0.033109 0.000803
268 1547795269 0.005451 1.200000 0.002079 0.010420 0.000049
262 1547795269 0.464176 1.200000 0.054995 1.860748 0.763945
265 1547795269 0.411792 1.200000 0.019401 1.811700 0.711208
274 1547795269 0.019771 1.200000 0.008944 0.043368 0.000621
271 1547795270 0.019889 1.400000 0.013385 0.027648 0.000589
268 1547795270 0.006310 1.000000 0.002335 0.013158 0.000061
262 1547795270 0.296890 1.000000 0.048812 1.194715 0.290273
265 1547795270 0.210946 1.200000 0.013069 1.140254 0.260845
274 1547795270 0.017922 1.000000 0.009987 0.030270 0.000368
262 1547795271 0.296890 1.000000 0.048812 1.194715 0.290273
265 1547795271 0.210946 1.200000 0.013069 1.140254 0.260845
268 1547795271 0.006310 1.000000 0.002335 0.013158 0.000061
271 1547795271 0.019889 1.400000 0.013385 0.027648 0.000589
274 1547795271 0.017922 1.000000 0.009987 0.030270 0.000368
271 1547795272 0.019889 1.400000 0.013385 0.027648 0.000589
268 1547795272 0.006310 1.000000 0.002335 0.013158 0.000061
262 1547795272 0.296890 1.000000 0.048812 1.194715 0.290273
265 1547795272 0.210946 1.200000 0.013069 1.140254 0.260845
274 1547795272 0.017922 1.000000 0.009987 0.030270 0.000368
271 1547795273 0.019889 1.400000 0.013385 0.027648 0.000589
268 1547795273 0.006310 1.000000 0.002335 0.013158 0.000061
262 1547795273 0.296890 1.000000 0.048812 1.194715 0.290273
265 1547795273 0.210946 1.200000 0.013069 1.140254 0.260845
274 1547795273 0.017922 1.000000 0.009987 0.030270 0.000368
271 1547795274 0.019889 1.400000 0.013385 0.027648 0.000589
268 1547795274 0.006310 1.000000 0.002335 0.013158 0.000061
262 1547795274 0.296890 1.000000 0.048812 1.194715 0.290273
265 1547795274 0.210946 1.200000 0.013069 1.140254 0.260845
274 1547795274 0.017922 1.000000 0.009987 0.030270 0.000368
271 1547795275 0.027885 1.400000 0.015571 0.055874 0.001377
271 1547795276 0.027885 1.400000 0.015571 0.055874 0.001377
268 1547795275 0.004772 1.800000 0.002029 0.010182 0.000062
268 1547795276 0.004772 1.800000 0.002029 0.010182 0.000062
262 1547795275 0.191539 1.800000 0.034868 0.806954 0.161328
262 1547795276 0.191539 1.800000 0.034868 0.806954 0.161328
265 1547795275 0.140801 1.600000 0.012573 0.736120 0.118818
265 1547795276 0.140801 1.600000 0.012573 0.736120 0.118818
274 1547795275 0.034680 1.800000 0.006687 0.211929 0.009262
274 1547795276 0.034680 1.800000 0.006687 0.211929 0.009262
271 1547795277 0.027885 1.400000 0.015571 0.055874 0.001377
268 1547795277 0.004772 1.800000 0.002029 0.010182 0.000062
262 1547795277 0.191539 1.800000 0.034868 0.806954 0.161328
265 1547795277 0.140801 1.600000 0.012573 0.736120 0.118818
274 1547795277 0.034680 1.800000 0.006687 0.211929 0.009262
271 1547795278 0.027885 1.400000 0.015571 0.055874 0.001377
268 1547795278 0.004772 1.800000 0.002029 0.010182 0.000062
262 1547795278 0.191539 1.800000 0.034868 0.806954 0.161328
265 1547795278 0.140801 1.600000 0.012573 0.736120 0.118818
274 1547795278 0.034680 1.800000 0.006687 0.211929 0.009262
271 1547795279 0.027885 1.400000 0.015571 0.055874 0.001377
268 1547795279 0.004772 1.800000 0.002029 0.010182 0.000062
262 1547795279 0.191539 1.800000 0.034868 0.806954 0.161328
265 1547795279 0.140801 1.600000 0.012573 0.736120 0.118818
274 1547795279 0.034680 1.800000 0.006687 0.211929 0.009262
271 1547795280 0.022296 1.000000 0.016306 0.029860 0.000516
268 1547795280 0.005869 1.000000 0.002094 0.012004 0.000051
262 1547795280 0.380918 1.000000 0.039936 0.899582 0.245655
265 1547795280 0.335916 1.000000 0.012394 0.837304 0.208127
274 1547795280 0.016443 1.000000 0.008965 0.026715 0.000313
271 1547795281 0.022296 1.000000 0.016306 0.029860 0.000516
268 1547795281 0.005869 1.000000 0.002094 0.012004 0.000051
262 1547795281 0.380918 1.000000 0.039936 0.899582 0.245655
265 1547795281 0.335916 1.000000 0.012394 0.837304 0.208127
274 1547795281 0.016443 1.000000 0.008965 0.026715 0.000313
