184 1548064538 0.600000 -1.000000 -101.000000 0.000000 0.000000
184 1548064539 0.600000 -1.000000 -101.000000 0.000000 0.000000
184 1548064540 0.600000 -1.000000 -101.000000 0.000000 0.000000
184 1548064541 0.600000 -1.000000 -101.000000 0.000000 0.000000
184 1548064542 0.600000 -1.000000 -101.000000 0.000000 0.000000
184 1548064553 0.600000 -1.000000 -101.000000 0.000000 0.000000
184 1548064554 0.600000 -1.000000 -101.000000 0.000000 0.000000
189 1548064553 0.200000 -1.000000 -101.000000 0.000000 0.000000
189 1548064554 0.200000 -1.000000 -101.000000 0.000000 0.000000
184 1548064555 0.600000 -1.000000 -101.000000 0.000000 0.000000
184 1548064556 0.600000 -1.000000 -101.000000 0.000000 0.000000
184 1548064557 0.600000 -1.000000 -101.000000 0.000000 0.000000
184 1548064568 0.200000 -1.000000 -101.000000 0.000000 0.000000
184 1548064569 0.200000 -1.000000 -101.000000 0.000000 0.000000
184 1548064570 0.200000 -1.000000 -101.000000 0.000000 0.000000
184 1548064571 0.200000 -1.000000 -101.000000 0.000000 0.000000
184 1548064572 0.200000 -1.000000 -101.000000 0.000000 0.000000
184 1548064578 0.200000 -1.000000 -101.000000 0.000000 0.000000
184 1548064579 0.200000 -1.000000 -101.000000 0.000000 0.000000
184 1548064580 0.200000 -1.000000 -101.000000 0.000000 0.000000
184 1548064581 0.200000 -1.000000 -101.000000 0.000000 0.000000
184 1548064582 0.200000 -1.000000 -101.000000 0.000000 0.000000
189 1548064555 0.200000 -1.000000 -101.000000 0.000000 0.000000
189 1548064556 0.200000 -1.000000 -101.000000 0.000000 0.000000
189 1548064557 0.200000 -1.000000 -101.000000 0.000000 0.000000
184 1548064593 0.200000 -1.000000 -101.000000 0.000000 0.000000
184 1548064594 0.200000 -1.000000 -101.000000 0.000000 0.000000
189 1548064603 0.200000 -1.000000 -101.000000 0.000000 0.000000
189 1548064604 0.200000 -1.000000 -101.000000 0.000000 0.000000
184 1548064595 0.200000 -1.000000 -101.000000 0.000000 0.000000
184 1548064596 0.200000 -1.000000 -101.000000 0.000000 0.000000
184 1548064597 0.200000 -1.000000 -101.000000 0.000000 0.000000
184 1548064598 0.200000 -1.000000 -101.000000 0.000000 0.000000
184 1548064599 0.200000 -1.000000 -101.000000 0.000000 0.000000
184 1548064600 0.200000 -1.000000 -101.000000 0.000000 0.000000
184 1548064601 0.200000 -1.000000 -101.000000 0.000000 0.000000
184 1548064602 0.200000 -1.000000 -101.000000 0.000000 0.000000
184 1548064603 0.200000 -1.000000 -101.000000 0.000000 0.000000
184 1548064604 0.200000 -1.000000 -101.000000 0.000000 0.000000
184 1548064605 0.200000 -1.000000 -101.000000 0.000000 0.000000
184 1548064606 0.200000 -1.000000 -101.000000 0.000000 0.000000
184 1548064607 0.200000 -1.000000 -101.000000 0.000000 0.000000
184 1548064613 0.200000 -1.000000 -101.000000 0.000000 0.000000
184 1548064614 0.200000 -1.000000 -101.000000 0.000000 0.000000
184 1548064615 0.200000 -1.000000 -101.000000 0.000000 0.000000
184 1548064616 0.200000 -1.000000 -101.000000 0.000000 0.000000
184 1548064617 0.200000 -1.000000 -101.000000 0.000000 0.000000
189 1548064605 0.200000 -1.000000 -101.000000 0.000000 0.000000
189 1548064606 0.200000 -1.000000 -101.000000 0.000000 0.000000
189 1548064607 0.200000 -1.000000 -101.000000 0.000000 0.000000
189 1548064608 0.200000 -1.000000 -101.000000 0.000000 0.000000
189 1548064609 0.200000 -1.000000 -101.000000 0.000000 0.000000
189 1548064610 0.200000 -1.000000 -101.000000 0.000000 0.000000
189 1548064611 0.200000 -1.000000 -101.000000 0.000000 0.000000
189 1548064612 0.200000 -1.000000 -101.000000 0.000000 0.000000
189 1548064613 0.200000 -1.000000 -101.000000 0.000000 0.000000
189 1548064614 0.200000 -1.000000 -101.000000 0.000000 0.000000
189 1548064615 0.200000 -1.000000 -101.000000 0.000000 0.000000
189 1548064616 0.200000 -1.000000 -101.000000 0.000000 0.000000
189 1548064617 0.200000 -1.000000 -101.000000 0.000000 0.000000
184 1548064623 0.200000 -1.000000 -101.000000 0.000000 0.000000
184 1548064624 0.200000 -1.000000 -101.000000 0.000000 0.000000
184 1548064625 0.200000 -1.000000 -101.000000 0.000000 0.000000
184 1548064626 0.200000 -1.000000 -101.000000 0.000000 0.000000
184 1548064627 0.200000 -1.000000 -101.000000 0.000000 0.000000
184 1548064628 0.200000 -1.000000 -101.000000 0.000000 0.000000
184 1548064629 0.200000 -1.000000 -101.000000 0.000000 0.000000
184 1548064630 0.200000 -1.000000 -101.000000 0.000000 0.000000
184 1548064631 0.200000 -1.000000 -101.000000 0.000000 0.000000
184 1548064632 0.200000 -1.000000 -101.000000 0.000000 0.000000
184 1548064638 0.400000 -1.000000 -101.000000 0.000000 0.000000
184 1548064639 0.400000 -1.000000 -101.000000 0.000000 0.000000
184 1548064640 0.400000 -1.000000 -101.000000 0.000000 0.000000
184 1548064641 0.400000 -1.000000 -101.000000 0.000000 0.000000
184 1548064642 0.400000 -1.000000 -101.000000 0.000000 0.000000
184 1548064643 0.200000 -1.000000 -101.000000 0.000000 0.000000
184 1548064644 0.200000 -1.000000 -101.000000 0.000000 0.000000
184 1548064645 0.200000 -1.000000 -101.000000 0.000000 0.000000
184 1548064646 0.200000 -1.000000 -101.000000 0.000000 0.000000
184 1548064647 0.200000 -1.000000 -101.000000 0.000000 0.000000
184 1548064648 0.400000 -1.000000 -101.000000 0.000000 0.000000
184 1548064649 0.400000 -1.000000 -101.000000 0.000000 0.000000
189 1548064643 0.200000 -1.000000 -101.000000 0.000000 0.000000
189 1548064644 0.200000 -1.000000 -101.000000 0.000000 0.000000
189 1548064645 0.200000 -1.000000 -101.000000 0.000000 0.000000
189 1548064646 0.200000 -1.000000 -101.000000 0.000000 0.000000
189 1548064647 0.200000 -1.000000 -101.000000 0.000000 0.000000
189 1548064648 0.200000 -1.000000 -101.000000 0.000000 0.000000
189 1548064649 0.200000 -1.000000 -101.000000 0.000000 0.000000
189 1548064650 0.200000 -1.000000 -101.000000 0.000000 0.000000
189 1548064651 0.200000 -1.000000 -101.000000 0.000000 0.000000
189 1548064652 0.200000 -1.000000 -101.000000 0.000000 0.000000
184 1548064650 0.400000 -1.000000 -101.000000 0.000000 0.000000
184 1548064651 0.400000 -1.000000 -101.000000 0.000000 0.000000
184 1548064652 0.400000 -1.000000 -101.000000 0.000000 0.000000
184 1548064653 0.200000 -1.000000 -101.000000 0.000000 0.000000
184 1548064654 0.200000 -1.000000 -101.000000 0.000000 0.000000
184 1548064655 0.200000 -1.000000 -101.000000 0.000000 0.000000
184 1548064656 0.200000 -1.000000 -101.000000 0.000000 0.000000
184 1548064657 0.200000 -1.000000 -101.000000 0.000000 0.000000
189 1548064663 0.200000 -1.000000 -101.000000 0.000000 0.000000
189 1548064664 0.200000 -1.000000 -101.000000 0.000000 0.000000
189 1548064665 0.200000 -1.000000 -101.000000 0.000000 0.000000
189 1548064666 0.200000 -1.000000 -101.000000 0.000000 0.000000
189 1548064667 0.200000 -1.000000 -101.000000 0.000000 0.000000
184 1548064678 0.200000 -1.000000 -101.000000 0.000000 0.000000
184 1548064679 0.200000 -1.000000 -101.000000 0.000000 0.000000
184 1548064680 0.200000 -1.000000 -101.000000 0.000000 0.000000
184 1548064681 0.200000 -1.000000 -101.000000 0.000000 0.000000
184 1548064682 0.200000 -1.000000 -101.000000 0.000000 0.000000
184 1548064683 0.200000 -1.000000 -101.000000 0.000000 0.000000
184 1548064684 0.200000 -1.000000 -101.000000 0.000000 0.000000
184 1548064685 0.200000 -1.000000 -101.000000 0.000000 0.000000
184 1548064686 0.200000 -1.000000 -101.000000 0.000000 0.000000
184 1548064687 0.200000 -1.000000 -101.000000 0.000000 0.000000
184 1548064688 0.400000 -1.000000 -101.000000 0.000000 0.000000
184 1548064689 0.400000 -1.000000 -101.000000 0.000000 0.000000
189 1548064678 0.200000 -1.000000 -101.000000 0.000000 0.000000
189 1548064679 0.200000 -1.000000 -101.000000 0.000000 0.000000
189 1548064680 0.200000 -1.000000 -101.000000 0.000000 0.000000
189 1548064681 0.200000 -1.000000 -101.000000 0.000000 0.000000
189 1548064682 0.200000 -1.000000 -101.000000 0.000000 0.000000
189 1548064683 0.200000 -1.000000 -101.000000 0.000000 0.000000
189 1548064684 0.200000 -1.000000 -101.000000 0.000000 0.000000
189 1548064685 0.200000 -1.000000 -101.000000 0.000000 0.000000
189 1548064686 0.200000 -1.000000 -101.000000 0.000000 0.000000
189 1548064687 0.200000 -1.000000 -101.000000 0.000000 0.000000
189 1548064688 0.200000 -1.000000 -101.000000 0.000000 0.000000
189 1548064689 0.200000 -1.000000 -101.000000 0.000000 0.000000
184 1548064690 0.400000 -1.000000 -101.000000 0.000000 0.000000
184 1548064691 0.400000 -1.000000 -101.000000 0.000000 0.000000
184 1548064692 0.400000 -1.000000 -101.000000 0.000000 0.000000
184 1548064693 0.200000 -1.000000 -101.000000 0.000000 0.000000
184 1548064694 0.200000 -1.000000 -101.000000 0.000000 0.000000
184 1548064695 0.200000 -1.000000 -101.000000 0.000000 0.000000
184 1548064696 0.200000 -1.000000 -101.000000 0.000000 0.000000
184 1548064697 0.200000 -1.000000 -101.000000 0.000000 0.000000
184 1548064703 0.200000 -1.000000 -101.000000 0.000000 0.000000
184 1548064704 0.200000 -1.000000 -101.000000 0.000000 0.000000
184 1548064705 0.200000 -1.000000 -101.000000 0.000000 0.000000
184 1548064706 0.200000 -1.000000 -101.000000 0.000000 0.000000
184 1548064707 0.200000 -1.000000 -101.000000 0.000000 0.000000
184 1548064708 0.200000 -1.000000 -101.000000 0.000000 0.000000
184 1548064709 0.200000 -1.000000 -101.000000 0.000000 0.000000
184 1548064710 0.200000 -1.000000 -101.000000 0.000000 0.000000
184 1548064711 0.200000 -1.000000 -101.000000 0.000000 0.000000
184 1548064712 0.200000 -1.000000 -101.000000 0.000000 0.000000
189 1548064690 0.200000 -1.000000 -101.000000 0.000000 0.000000
189 1548064691 0.200000 -1.000000 -101.000000 0.000000 0.000000
189 1548064692 0.200000 -1.000000 -101.000000 0.000000 0.000000
189 1548064718 0.200000 -1.000000 -101.000000 0.000000 0.000000
189 1548064719 0.200000 -1.000000 -101.000000 0.000000 0.000000
189 1548064720 0.200000 -1.000000 -101.000000 0.000000 0.000000
189 1548064721 0.200000 -1.000000 -101.000000 0.000000 0.000000
189 1548064722 0.200000 -1.000000 -101.000000 0.000000 0.000000
184 1548064723 0.400000 -1.000000 -101.000000 0.000000 0.000000
184 1548064724 0.400000 -1.000000 -101.000000 0.000000 0.000000
184 1548064725 0.400000 -1.000000 -101.000000 0.000000 0.000000
184 1548064726 0.400000 -1.000000 -101.000000 0.000000 0.000000
184 1548064727 0.400000 -1.000000 -101.000000 0.000000 0.000000
184 1548064728 0.600000 -1.000000 -101.000000 0.000000 0.000000
184 1548064729 0.600000 -1.000000 -101.000000 0.000000 0.000000
189 1548064728 0.600000 -1.000000 -101.000000 0.000000 0.000000
189 1548064729 0.600000 -1.000000 -101.000000 0.000000 0.000000
184 1548064730 0.600000 -1.000000 -101.000000 0.000000 0.000000
184 1548064731 0.600000 -1.000000 -101.000000 0.000000 0.000000
184 1548064732 0.600000 -1.000000 -101.000000 0.000000 0.000000
184 1548064733 0.200000 -1.000000 -101.000000 0.000000 0.000000
184 1548064734 0.200000 -1.000000 -101.000000 0.000000 0.000000
184 1548064735 0.200000 -1.000000 -101.000000 0.000000 0.000000
184 1548064736 0.200000 -1.000000 -101.000000 0.000000 0.000000
184 1548064737 0.200000 -1.000000 -101.000000 0.000000 0.000000
184 1548064738 0.400000 -1.000000 -101.000000 0.000000 0.000000
184 1548064739 0.400000 -1.000000 -101.000000 0.000000 0.000000
189 1548064730 0.600000 -1.000000 -101.000000 0.000000 0.000000
189 1548064731 0.600000 -1.000000 -101.000000 0.000000 0.000000
189 1548064732 0.600000 -1.000000 -101.000000 0.000000 0.000000
189 1548064733 0.200000 -1.000000 -101.000000 0.000000 0.000000
189 1548064734 0.200000 -1.000000 -101.000000 0.000000 0.000000
189 1548064735 0.200000 -1.000000 -101.000000 0.000000 0.000000
189 1548064736 0.200000 -1.000000 -101.000000 0.000000 0.000000
189 1548064737 0.200000 -1.000000 -101.000000 0.000000 0.000000
184 1548064740 0.400000 -1.000000 -101.000000 0.000000 0.000000
184 1548064741 0.400000 -1.000000 -101.000000 0.000000 0.000000
184 1548064742 0.400000 -1.000000 -101.000000 0.000000 0.000000
184 1548064748 0.400000 -1.000000 -101.000000 0.000000 0.000000
184 1548064749 0.400000 -1.000000 -101.000000 0.000000 0.000000
184 1548064750 0.400000 -1.000000 -101.000000 0.000000 0.000000
184 1548064751 0.400000 -1.000000 -101.000000 0.000000 0.000000
184 1548064752 0.400000 -1.000000 -101.000000 0.000000 0.000000
189 1548064748 0.200000 -1.000000 -101.000000 0.000000 0.000000
189 1548064749 0.200000 -1.000000 -101.000000 0.000000 0.000000
189 1548064750 0.200000 -1.000000 -101.000000 0.000000 0.000000
189 1548064751 0.200000 -1.000000 -101.000000 0.000000 0.000000
189 1548064752 0.200000 -1.000000 -101.000000 0.000000 0.000000
184 1548064758 0.200000 -1.000000 -101.000000 0.000000 0.000000
184 1548064759 0.200000 -1.000000 -101.000000 0.000000 0.000000
184 1548064760 0.200000 -1.000000 -101.000000 0.000000 0.000000
184 1548064761 0.200000 -1.000000 -101.000000 0.000000 0.000000
184 1548064762 0.200000 -1.000000 -101.000000 0.000000 0.000000
184 1548064763 0.400000 -1.000000 -101.000000 0.000000 0.000000
184 1548064764 0.400000 -1.000000 -101.000000 0.000000 0.000000
184 1548064765 0.400000 -1.000000 -101.000000 0.000000 0.000000
184 1548064766 0.400000 -1.000000 -101.000000 0.000000 0.000000
184 1548064767 0.400000 -1.000000 -101.000000 0.000000 0.000000
184 1548064773 0.200000 -1.000000 -101.000000 0.000000 0.000000
184 1548064774 0.200000 -1.000000 -101.000000 0.000000 0.000000
184 1548064775 0.200000 -1.000000 -101.000000 0.000000 0.000000
184 1548064776 0.200000 -1.000000 -101.000000 0.000000 0.000000
184 1548064777 0.200000 -1.000000 -101.000000 0.000000 0.000000
184 1548064778 0.400000 -1.000000 -101.000000 0.000000 0.000000
184 1548064779 0.400000 -1.000000 -101.000000 0.000000 0.000000
184 1548064780 0.400000 -1.000000 -101.000000 0.000000 0.000000
184 1548064781 0.400000 -1.000000 -101.000000 0.000000 0.000000
184 1548064782 0.400000 -1.000000 -101.000000 0.000000 0.000000
184 1548064788 0.400000 -1.000000 -101.000000 0.000000 0.000000
184 1548064789 0.400000 -1.000000 -101.000000 0.000000 0.000000
189 1548064773 0.200000 -1.000000 -101.000000 0.000000 0.000000
189 1548064774 0.200000 -1.000000 -101.000000 0.000000 0.000000
189 1548064775 0.200000 -1.000000 -101.000000 0.000000 0.000000
189 1548064776 0.200000 -1.000000 -101.000000 0.000000 0.000000
189 1548064777 0.200000 -1.000000 -101.000000 0.000000 0.000000
189 1548064783 0.200000 -1.000000 -101.000000 0.000000 0.000000
189 1548064784 0.200000 -1.000000 -101.000000 0.000000 0.000000
189 1548064785 0.200000 -1.000000 -101.000000 0.000000 0.000000
189 1548064786 0.200000 -1.000000 -101.000000 0.000000 0.000000
189 1548064787 0.200000 -1.000000 -101.000000 0.000000 0.000000
189 1548064788 0.400000 -1.000000 -101.000000 0.000000 0.000000
189 1548064789 0.400000 -1.000000 -101.000000 0.000000 0.000000
184 1548064790 0.400000 -1.000000 -101.000000 0.000000 0.000000
184 1548064791 0.400000 -1.000000 -101.000000 0.000000 0.000000
184 1548064792 0.400000 -1.000000 -101.000000 0.000000 0.000000
184 1548064793 0.200000 -1.000000 -101.000000 0.000000 0.000000
184 1548064794 0.200000 -1.000000 -101.000000 0.000000 0.000000
184 1548064795 0.200000 -1.000000 -101.000000 0.000000 0.000000
184 1548064796 0.200000 -1.000000 -101.000000 0.000000 0.000000
184 1548064797 0.200000 -1.000000 -101.000000 0.000000 0.000000
184 1548064803 0.200000 -1.000000 -101.000000 0.000000 0.000000
184 1548064804 0.200000 -1.000000 -101.000000 0.000000 0.000000
189 1548064790 0.400000 -1.000000 -101.000000 0.000000 0.000000
189 1548064791 0.400000 -1.000000 -101.000000 0.000000 0.000000
189 1548064792 0.400000 -1.000000 -101.000000 0.000000 0.000000
189 1548064798 0.200000 -1.000000 -101.000000 0.000000 0.000000
189 1548064799 0.200000 -1.000000 -101.000000 0.000000 0.000000
189 1548064800 0.200000 -1.000000 -101.000000 0.000000 0.000000
189 1548064801 0.200000 -1.000000 -101.000000 0.000000 0.000000
189 1548064802 0.200000 -1.000000 -101.000000 0.000000 0.000000
189 1548064813 0.400000 -1.000000 -101.000000 0.000000 0.000000
189 1548064814 0.400000 -1.000000 -101.000000 0.000000 0.000000
184 1548064805 0.200000 -1.000000 -101.000000 0.000000 0.000000
184 1548064806 0.200000 -1.000000 -101.000000 0.000000 0.000000
184 1548064807 0.200000 -1.000000 -101.000000 0.000000 0.000000
184 1548064813 0.400000 -1.000000 -101.000000 0.000000 0.000000
184 1548064814 0.400000 -1.000000 -101.000000 0.000000 0.000000
184 1548064815 0.400000 -1.000000 -101.000000 0.000000 0.000000
184 1548064816 0.400000 -1.000000 -101.000000 0.000000 0.000000
184 1548064817 0.400000 -1.000000 -101.000000 0.000000 0.000000
184 1548064823 0.200000 -1.000000 -101.000000 0.000000 0.000000
184 1548064824 0.200000 -1.000000 -101.000000 0.000000 0.000000
184 1548064825 0.200000 -1.000000 -101.000000 0.000000 0.000000
184 1548064826 0.200000 -1.000000 -101.000000 0.000000 0.000000
184 1548064827 0.200000 -1.000000 -101.000000 0.000000 0.000000
184 1548064833 0.200000 -1.000000 -101.000000 0.000000 0.000000
184 1548064834 0.200000 -1.000000 -101.000000 0.000000 0.000000
189 1548064815 0.400000 -1.000000 -101.000000 0.000000 0.000000
189 1548064816 0.400000 -1.000000 -101.000000 0.000000 0.000000
189 1548064817 0.400000 -1.000000 -101.000000 0.000000 0.000000
184 1548064835 0.200000 -1.000000 -101.000000 0.000000 0.000000
184 1548064836 0.200000 -1.000000 -101.000000 0.000000 0.000000
184 1548064837 0.200000 -1.000000 -101.000000 0.000000 0.000000
184 1548064838 0.200000 -1.000000 -101.000000 0.000000 0.000000
184 1548064839 0.200000 -1.000000 -101.000000 0.000000 0.000000
184 1548064840 0.200000 -1.000000 -101.000000 0.000000 0.000000
184 1548064841 0.200000 -1.000000 -101.000000 0.000000 0.000000
184 1548064842 0.200000 -1.000000 -101.000000 0.000000 0.000000
184 1548064843 0.200000 -1.000000 -101.000000 0.000000 0.000000
184 1548064844 0.200000 -1.000000 -101.000000 0.000000 0.000000
184 1548064845 0.200000 -1.000000 -101.000000 0.000000 0.000000
184 1548064846 0.200000 -1.000000 -101.000000 0.000000 0.000000
184 1548064847 0.200000 -1.000000 -101.000000 0.000000 0.000000
184 1548064848 0.600000 -1.000000 -101.000000 0.000000 0.000000
184 1548064849 0.600000 -1.000000 -101.000000 0.000000 0.000000
184 1548064850 0.600000 -1.000000 -101.000000 0.000000 0.000000
184 1548064851 0.600000 -1.000000 -101.000000 0.000000 0.000000
184 1548064852 0.600000 -1.000000 -101.000000 0.000000 0.000000
184 1548064853 0.600000 -1.000000 -101.000000 0.000000 0.000000
184 1548064854 0.600000 -1.000000 -101.000000 0.000000 0.000000
189 1548064848 0.200000 -1.000000 -101.000000 0.000000 0.000000
189 1548064849 0.200000 -1.000000 -101.000000 0.000000 0.000000
189 1548064850 0.200000 -1.000000 -101.000000 0.000000 0.000000
189 1548064851 0.200000 -1.000000 -101.000000 0.000000 0.000000
189 1548064852 0.200000 -1.000000 -101.000000 0.000000 0.000000
184 1548064855 0.600000 -1.000000 -101.000000 0.000000 0.000000
184 1548064856 0.600000 -1.000000 -101.000000 0.000000 0.000000
184 1548064857 0.600000 -1.000000 -101.000000 0.000000 0.000000
184 1548064863 0.200000 -1.000000 -101.000000 0.000000 0.000000
184 1548064864 0.200000 -1.000000 -101.000000 0.000000 0.000000
184 1548064865 0.200000 -1.000000 -101.000000 0.000000 0.000000
184 1548064866 0.200000 -1.000000 -101.000000 0.000000 0.000000
184 1548064867 0.200000 -1.000000 -101.000000 0.000000 0.000000
184 1548064878 0.400000 -1.000000 -101.000000 0.000000 0.000000
184 1548064879 0.400000 -1.000000 -101.000000 0.000000 0.000000
184 1548064880 0.400000 -1.000000 -101.000000 0.000000 0.000000
184 1548064881 0.400000 -1.000000 -101.000000 0.000000 0.000000
184 1548064882 0.400000 -1.000000 -101.000000 0.000000 0.000000
184 1548064883 0.200000 -1.000000 -101.000000 0.000000 0.000000
184 1548064884 0.200000 -1.000000 -101.000000 0.000000 0.000000
184 1548064885 0.200000 -1.000000 -101.000000 0.000000 0.000000
184 1548064886 0.200000 -1.000000 -101.000000 0.000000 0.000000
184 1548064887 0.200000 -1.000000 -101.000000 0.000000 0.000000
184 1548064888 0.200000 -1.000000 -101.000000 0.000000 0.000000
184 1548064889 0.200000 -1.000000 -101.000000 0.000000 0.000000
189 1548064868 0.200000 -1.000000 -101.000000 0.000000 0.000000
189 1548064869 0.200000 -1.000000 -101.000000 0.000000 0.000000
189 1548064870 0.200000 -1.000000 -101.000000 0.000000 0.000000
189 1548064871 0.200000 -1.000000 -101.000000 0.000000 0.000000
189 1548064872 0.200000 -1.000000 -101.000000 0.000000 0.000000
189 1548064873 0.200000 -1.000000 -101.000000 0.000000 0.000000
189 1548064874 0.200000 -1.000000 -101.000000 0.000000 0.000000
189 1548064875 0.200000 -1.000000 -101.000000 0.000000 0.000000
189 1548064876 0.200000 -1.000000 -101.000000 0.000000 0.000000
189 1548064877 0.200000 -1.000000 -101.000000 0.000000 0.000000
184 1548064890 0.200000 -1.000000 -101.000000 0.000000 0.000000
184 1548064891 0.200000 -1.000000 -101.000000 0.000000 0.000000
184 1548064892 0.200000 -1.000000 -101.000000 0.000000 0.000000
184 1548064893 0.800000 -1.000000 -101.000000 0.000000 0.000000
184 1548064894 0.800000 -1.000000 -101.000000 0.000000 0.000000
184 1548064895 0.800000 -1.000000 -101.000000 0.000000 0.000000
184 1548064896 0.800000 -1.000000 -101.000000 0.000000 0.000000
184 1548064897 0.800000 -1.000000 -101.000000 0.000000 0.000000
184 1548064898 0.400000 -1.000000 -101.000000 0.000000 0.000000
184 1548064899 0.400000 -1.000000 -101.000000 0.000000 0.000000
184 1548064900 0.400000 -1.000000 -101.000000 0.000000 0.000000
184 1548064901 0.400000 -1.000000 -101.000000 0.000000 0.000000
184 1548064902 0.400000 -1.000000 -101.000000 0.000000 0.000000
189 1548064893 0.200000 -1.000000 -101.000000 0.000000 0.000000
189 1548064894 0.200000 -1.000000 -101.000000 0.000000 0.000000
189 1548064895 0.200000 -1.000000 -101.000000 0.000000 0.000000
189 1548064896 0.200000 -1.000000 -101.000000 0.000000 0.000000
189 1548064897 0.200000 -1.000000 -101.000000 0.000000 0.000000
189 1548064913 0.200000 -1.000000 -101.000000 0.000000 0.000000
189 1548064914 0.200000 -1.000000 -101.000000 0.000000 0.000000
184 1548064913 0.200000 -1.000000 -101.000000 0.000000 0.000000
184 1548064914 0.200000 -1.000000 -101.000000 0.000000 0.000000
184 1548064915 0.200000 -1.000000 -101.000000 0.000000 0.000000
184 1548064916 0.200000 -1.000000 -101.000000 0.000000 0.000000
184 1548064917 0.200000 -1.000000 -101.000000 0.000000 0.000000
184 1548064918 0.400000 -1.000000 -101.000000 0.000000 0.000000
184 1548064919 0.400000 -1.000000 -101.000000 0.000000 0.000000
189 1548064915 0.200000 -1.000000 -101.000000 0.000000 0.000000
189 1548064916 0.200000 -1.000000 -101.000000 0.000000 0.000000
189 1548064917 0.200000 -1.000000 -101.000000 0.000000 0.000000
189 1548064918 0.200000 -1.000000 -101.000000 0.000000 0.000000
189 1548064919 0.200000 -1.000000 -101.000000 0.000000 0.000000
189 1548064920 0.200000 -1.000000 -101.000000 0.000000 0.000000
189 1548064921 0.200000 -1.000000 -101.000000 0.000000 0.000000
189 1548064922 0.200000 -1.000000 -101.000000 0.000000 0.000000
189 1548064923 0.200000 -1.000000 -101.000000 0.000000 0.000000
189 1548064924 0.200000 -1.000000 -101.000000 0.000000 0.000000
184 1548064920 0.400000 -1.000000 -101.000000 0.000000 0.000000
184 1548064921 0.400000 -1.000000 -101.000000 0.000000 0.000000
184 1548064922 0.400000 -1.000000 -101.000000 0.000000 0.000000
184 1548064928 0.400000 -1.000000 -101.000000 0.000000 0.000000
184 1548064929 0.400000 -1.000000 -101.000000 0.000000 0.000000
184 1548064930 0.400000 -1.000000 -101.000000 0.000000 0.000000
184 1548064931 0.400000 -1.000000 -101.000000 0.000000 0.000000
184 1548064932 0.400000 -1.000000 -101.000000 0.000000 0.000000
184 1548064933 0.600000 -1.000000 -101.000000 0.000000 0.000000
184 1548064934 0.600000 -1.000000 -101.000000 0.000000 0.000000
189 1548064925 0.200000 -1.000000 -101.000000 0.000000 0.000000
189 1548064926 0.200000 -1.000000 -101.000000 0.000000 0.000000
189 1548064927 0.200000 -1.000000 -101.000000 0.000000 0.000000
184 1548064935 0.600000 -1.000000 -101.000000 0.000000 0.000000
184 1548064936 0.600000 -1.000000 -101.000000 0.000000 0.000000
184 1548064937 0.600000 -1.000000 -101.000000 0.000000 0.000000
184 1548064948 0.400000 -1.000000 -101.000000 0.000000 0.000000
184 1548064949 0.400000 -1.000000 -101.000000 0.000000 0.000000
184 1548064950 0.400000 -1.000000 -101.000000 0.000000 0.000000
184 1548064951 0.400000 -1.000000 -101.000000 0.000000 0.000000
184 1548064952 0.400000 -1.000000 -101.000000 0.000000 0.000000
184 1548064953 0.200000 -1.000000 -101.000000 0.000000 0.000000
184 1548064954 0.200000 -1.000000 -101.000000 0.000000 0.000000
184 1548064955 0.200000 -1.000000 -101.000000 0.000000 0.000000
184 1548064956 0.200000 -1.000000 -101.000000 0.000000 0.000000
184 1548064957 0.200000 -1.000000 -101.000000 0.000000 0.000000
184 1548064958 0.200000 -1.000000 -101.000000 0.000000 0.000000
184 1548064959 0.200000 -1.000000 -101.000000 0.000000 0.000000
184 1548064960 0.200000 -1.000000 -101.000000 0.000000 0.000000
184 1548064961 0.200000 -1.000000 -101.000000 0.000000 0.000000
184 1548064962 0.200000 -1.000000 -101.000000 0.000000 0.000000
184 1548064963 0.200000 -1.000000 -101.000000 0.000000 0.000000
184 1548064964 0.200000 -1.000000 -101.000000 0.000000 0.000000
184 1548064965 0.200000 -1.000000 -101.000000 0.000000 0.000000
184 1548064966 0.200000 -1.000000 -101.000000 0.000000 0.000000
184 1548064967 0.200000 -1.000000 -101.000000 0.000000 0.000000
184 1548064968 0.400000 -1.000000 -101.000000 0.000000 0.000000
184 1548064969 0.400000 -1.000000 -101.000000 0.000000 0.000000
184 1548064970 0.400000 -1.000000 -101.000000 0.000000 0.000000
184 1548064971 0.400000 -1.000000 -101.000000 0.000000 0.000000
184 1548064972 0.400000 -1.000000 -101.000000 0.000000 0.000000
184 1548064978 0.200000 -1.000000 -101.000000 0.000000 0.000000
184 1548064979 0.200000 -1.000000 -101.000000 0.000000 0.000000
189 1548064943 0.200000 -1.000000 -101.000000 0.000000 0.000000
189 1548064944 0.200000 -1.000000 -101.000000 0.000000 0.000000
189 1548064945 0.200000 -1.000000 -101.000000 0.000000 0.000000
189 1548064946 0.200000 -1.000000 -101.000000 0.000000 0.000000
189 1548064947 0.200000 -1.000000 -101.000000 0.000000 0.000000
189 1548064948 0.200000 -1.000000 -101.000000 0.000000 0.000000
189 1548064949 0.200000 -1.000000 -101.000000 0.000000 0.000000
189 1548064950 0.200000 -1.000000 -101.000000 0.000000 0.000000
189 1548064951 0.200000 -1.000000 -101.000000 0.000000 0.000000
189 1548064952 0.200000 -1.000000 -101.000000 0.000000 0.000000
189 1548064973 0.200000 -1.000000 -101.000000 0.000000 0.000000
189 1548064974 0.200000 -1.000000 -101.000000 0.000000 0.000000
189 1548064975 0.200000 -1.000000 -101.000000 0.000000 0.000000
189 1548064976 0.200000 -1.000000 -101.000000 0.000000 0.000000
189 1548064977 0.200000 -1.000000 -101.000000 0.000000 0.000000
189 1548064983 0.400000 -1.000000 -101.000000 0.000000 0.000000
189 1548064984 0.400000 -1.000000 -101.000000 0.000000 0.000000
184 1548064980 0.200000 -1.000000 -101.000000 0.000000 0.000000
184 1548064981 0.200000 -1.000000 -101.000000 0.000000 0.000000
184 1548064982 0.200000 -1.000000 -101.000000 0.000000 0.000000
184 1548064993 0.200000 -1.000000 -101.000000 0.000000 0.000000
184 1548064994 0.200000 -1.000000 -101.000000 0.000000 0.000000
184 1548064995 0.200000 -1.000000 -101.000000 0.000000 0.000000
184 1548064996 0.200000 -1.000000 -101.000000 0.000000 0.000000
184 1548064997 0.200000 -1.000000 -101.000000 0.000000 0.000000
189 1548064985 0.400000 -1.000000 -101.000000 0.000000 0.000000
189 1548064986 0.400000 -1.000000 -101.000000 0.000000 0.000000
189 1548064987 0.400000 -1.000000 -101.000000 0.000000 0.000000
189 1548064993 0.200000 -1.000000 -101.000000 0.000000 0.000000
189 1548064994 0.200000 -1.000000 -101.000000 0.000000 0.000000
189 1548064995 0.200000 -1.000000 -101.000000 0.000000 0.000000
189 1548064996 0.200000 -1.000000 -101.000000 0.000000 0.000000
189 1548064997 0.200000 -1.000000 -101.000000 0.000000 0.000000
184 1548065003 0.200000 -1.000000 -101.000000 0.000000 0.000000
184 1548065004 0.200000 -1.000000 -101.000000 0.000000 0.000000
184 1548065005 0.200000 -1.000000 -101.000000 0.000000 0.000000
184 1548065006 0.200000 -1.000000 -101.000000 0.000000 0.000000
184 1548065007 0.200000 -1.000000 -101.000000 0.000000 0.000000
184 1548065008 0.400000 -1.000000 -101.000000 0.000000 0.000000
184 1548065009 0.400000 -1.000000 -101.000000 0.000000 0.000000
184 1548065010 0.400000 -1.000000 -101.000000 0.000000 0.000000
184 1548065011 0.400000 -1.000000 -101.000000 0.000000 0.000000
184 1548065012 0.400000 -1.000000 -101.000000 0.000000 0.000000
184 1548065013 0.600000 -1.000000 -101.000000 0.000000 0.000000
184 1548065014 0.600000 -1.000000 -101.000000 0.000000 0.000000
184 1548065015 0.600000 -1.000000 -101.000000 0.000000 0.000000
184 1548065016 0.600000 -1.000000 -101.000000 0.000000 0.000000
184 1548065017 0.600000 -1.000000 -101.000000 0.000000 0.000000
184 1548065018 0.200000 -1.000000 -101.000000 0.000000 0.000000
184 1548065019 0.200000 -1.000000 -101.000000 0.000000 0.000000
184 1548065020 0.200000 -1.000000 -101.000000 0.000000 0.000000
184 1548065021 0.200000 -1.000000 -101.000000 0.000000 0.000000
184 1548065022 0.200000 -1.000000 -101.000000 0.000000 0.000000
184 1548065028 0.400000 -1.000000 -101.000000 0.000000 0.000000
184 1548065029 0.400000 -1.000000 -101.000000 0.000000 0.000000
184 1548065030 0.400000 -1.000000 -101.000000 0.000000 0.000000
184 1548065031 0.400000 -1.000000 -101.000000 0.000000 0.000000
184 1548065032 0.400000 -1.000000 -101.000000 0.000000 0.000000
184 1548065033 0.200000 -1.000000 -101.000000 0.000000 0.000000
184 1548065034 0.200000 -1.000000 -101.000000 0.000000 0.000000
184 1548065035 0.200000 -1.000000 -101.000000 0.000000 0.000000
184 1548065036 0.200000 -1.000000 -101.000000 0.000000 0.000000
184 1548065037 0.200000 -1.000000 -101.000000 0.000000 0.000000
184 1548065038 0.400000 -1.000000 -101.000000 0.000000 0.000000
184 1548065039 0.400000 -1.000000 -101.000000 0.000000 0.000000
184 1548065040 0.400000 -1.000000 -101.000000 0.000000 0.000000
184 1548065041 0.400000 -1.000000 -101.000000 0.000000 0.000000
184 1548065042 0.400000 -1.000000 -101.000000 0.000000 0.000000
184 1548065043 0.200000 -1.000000 -101.000000 0.000000 0.000000
184 1548065044 0.200000 -1.000000 -101.000000 0.000000 0.000000
184 1548065045 0.200000 -1.000000 -101.000000 0.000000 0.000000
184 1548065046 0.200000 -1.000000 -101.000000 0.000000 0.000000
184 1548065047 0.200000 -1.000000 -101.000000 0.000000 0.000000
184 1548065058 0.200000 -1.000000 -101.000000 0.000000 0.000000
184 1548065059 0.200000 -1.000000 -101.000000 0.000000 0.000000
189 1548065043 0.200000 -1.000000 -101.000000 0.000000 0.000000
189 1548065044 0.200000 -1.000000 -101.000000 0.000000 0.000000
189 1548065045 0.200000 -1.000000 -101.000000 0.000000 0.000000
189 1548065046 0.200000 -1.000000 -101.000000 0.000000 0.000000
189 1548065047 0.200000 -1.000000 -101.000000 0.000000 0.000000
189 1548065058 0.200000 -1.000000 -101.000000 0.000000 0.000000
189 1548065059 0.200000 -1.000000 -101.000000 0.000000 0.000000
189 1548065060 0.200000 -1.000000 -101.000000 0.000000 0.000000
189 1548065061 0.200000 -1.000000 -101.000000 0.000000 0.000000
189 1548065062 0.200000 -1.000000 -101.000000 0.000000 0.000000
184 1548065060 0.200000 -1.000000 -101.000000 0.000000 0.000000
184 1548065061 0.200000 -1.000000 -101.000000 0.000000 0.000000
184 1548065062 0.200000 -1.000000 -101.000000 0.000000 0.000000
184 1548065063 0.400000 -1.000000 -101.000000 0.000000 0.000000
184 1548065064 0.400000 -1.000000 -101.000000 0.000000 0.000000
184 1548065065 0.400000 -1.000000 -101.000000 0.000000 0.000000
184 1548065066 0.400000 -1.000000 -101.000000 0.000000 0.000000
184 1548065067 0.400000 -1.000000 -101.000000 0.000000 0.000000
184 1548065068 0.600000 -1.000000 -101.000000 0.000000 0.000000
184 1548065069 0.600000 -1.000000 -101.000000 0.000000 0.000000
189 1548065073 0.200000 -1.000000 -101.000000 0.000000 0.000000
189 1548065074 0.200000 -1.000000 -101.000000 0.000000 0.000000
189 1548065075 0.200000 -1.000000 -101.000000 0.000000 0.000000
189 1548065076 0.200000 -1.000000 -101.000000 0.000000 0.000000
189 1548065077 0.200000 -1.000000 -101.000000 0.000000 0.000000
189 1548065078 0.200000 -1.000000 -101.000000 0.000000 0.000000
189 1548065079 0.200000 -1.000000 -101.000000 0.000000 0.000000
184 1548065070 0.600000 -1.000000 -101.000000 0.000000 0.000000
184 1548065071 0.600000 -1.000000 -101.000000 0.000000 0.000000
184 1548065072 0.600000 -1.000000 -101.000000 0.000000 0.000000
184 1548065073 0.600000 -1.000000 -101.000000 0.000000 0.000000
184 1548065074 0.600000 -1.000000 -101.000000 0.000000 0.000000
184 1548065075 0.600000 -1.000000 -101.000000 0.000000 0.000000
184 1548065076 0.600000 -1.000000 -101.000000 0.000000 0.000000
184 1548065077 0.600000 -1.000000 -101.000000 0.000000 0.000000
184 1548065083 0.200000 -1.000000 -101.000000 0.000000 0.000000
184 1548065084 0.200000 -1.000000 -101.000000 0.000000 0.000000
189 1548065080 0.200000 -1.000000 -101.000000 0.000000 0.000000
189 1548065081 0.200000 -1.000000 -101.000000 0.000000 0.000000
189 1548065082 0.200000 -1.000000 -101.000000 0.000000 0.000000
189 1548065083 0.600000 -1.000000 -101.000000 0.000000 0.000000
189 1548065084 0.600000 -1.000000 -101.000000 0.000000 0.000000
184 1548065085 0.200000 -1.000000 -101.000000 0.000000 0.000000
184 1548065086 0.200000 -1.000000 -101.000000 0.000000 0.000000
184 1548065087 0.200000 -1.000000 -101.000000 0.000000 0.000000
184 1548065088 0.600000 -1.000000 -101.000000 0.000000 0.000000
184 1548065089 0.600000 -1.000000 -101.000000 0.000000 0.000000
189 1548065085 0.600000 -1.000000 -101.000000 0.000000 0.000000
189 1548065086 0.600000 -1.000000 -101.000000 0.000000 0.000000
189 1548065087 0.600000 -1.000000 -101.000000 0.000000 0.000000
184 1548065090 0.600000 -1.000000 -101.000000 0.000000 0.000000
184 1548065091 0.600000 -1.000000 -101.000000 0.000000 0.000000
184 1548065092 0.600000 -1.000000 -101.000000 0.000000 0.000000
189 1548065093 0.400000 -1.000000 -101.000000 0.000000 0.000000
189 1548065094 0.400000 -1.000000 -101.000000 0.000000 0.000000
184 1548065098 0.200000 -1.000000 -101.000000 0.000000 0.000000
184 1548065099 0.200000 -1.000000 -101.000000 0.000000 0.000000
184 1548065100 0.200000 -1.000000 -101.000000 0.000000 0.000000
184 1548065101 0.200000 -1.000000 -101.000000 0.000000 0.000000
184 1548065102 0.200000 -1.000000 -101.000000 0.000000 0.000000
184 1548065108 0.400000 -1.000000 -101.000000 0.000000 0.000000
184 1548065109 0.400000 -1.000000 -101.000000 0.000000 0.000000
184 1548065110 0.400000 -1.000000 -101.000000 0.000000 0.000000
184 1548065111 0.400000 -1.000000 -101.000000 0.000000 0.000000
184 1548065112 0.400000 -1.000000 -101.000000 0.000000 0.000000
184 1548065113 0.600000 -1.000000 -101.000000 0.000000 0.000000
184 1548065114 0.600000 -1.000000 -101.000000 0.000000 0.000000
189 1548065095 0.400000 -1.000000 -101.000000 0.000000 0.000000
189 1548065096 0.400000 -1.000000 -101.000000 0.000000 0.000000
189 1548065097 0.400000 -1.000000 -101.000000 0.000000 0.000000
189 1548065098 0.200000 -1.000000 -101.000000 0.000000 0.000000
189 1548065099 0.200000 -1.000000 -101.000000 0.000000 0.000000
189 1548065100 0.200000 -1.000000 -101.000000 0.000000 0.000000
189 1548065101 0.200000 -1.000000 -101.000000 0.000000 0.000000
189 1548065102 0.200000 -1.000000 -101.000000 0.000000 0.000000
189 1548065123 0.200000 -1.000000 -101.000000 0.000000 0.000000
189 1548065124 0.200000 -1.000000 -101.000000 0.000000 0.000000
189 1548065125 0.200000 -1.000000 -101.000000 0.000000 0.000000
189 1548065126 0.200000 -1.000000 -101.000000 0.000000 0.000000
189 1548065127 0.200000 -1.000000 -101.000000 0.000000 0.000000
184 1548065115 0.600000 -1.000000 -101.000000 0.000000 0.000000
184 1548065116 0.600000 -1.000000 -101.000000 0.000000 0.000000
184 1548065117 0.600000 -1.000000 -101.000000 0.000000 0.000000
184 1548065128 0.400000 -1.000000 -101.000000 0.000000 0.000000
184 1548065129 0.400000 -1.000000 -101.000000 0.000000 0.000000
184 1548065130 0.400000 -1.000000 -101.000000 0.000000 0.000000
184 1548065131 0.400000 -1.000000 -101.000000 0.000000 0.000000
184 1548065132 0.400000 -1.000000 -101.000000 0.000000 0.000000
189 1548065133 0.200000 -1.000000 -101.000000 0.000000 0.000000
189 1548065134 0.200000 -1.000000 -101.000000 0.000000 0.000000
189 1548065135 0.200000 -1.000000 -101.000000 0.000000 0.000000
189 1548065136 0.200000 -1.000000 -101.000000 0.000000 0.000000
189 1548065137 0.200000 -1.000000 -101.000000 0.000000 0.000000
184 1548065143 0.400000 -1.000000 -101.000000 0.000000 0.000000
184 1548065144 0.400000 -1.000000 -101.000000 0.000000 0.000000
184 1548065145 0.400000 -1.000000 -101.000000 0.000000 0.000000
184 1548065146 0.400000 -1.000000 -101.000000 0.000000 0.000000
184 1548065147 0.400000 -1.000000 -101.000000 0.000000 0.000000
184 1548065148 0.200000 -1.000000 -101.000000 0.000000 0.000000
184 1548065149 0.200000 -1.000000 -101.000000 0.000000 0.000000
184 1548065150 0.200000 -1.000000 -101.000000 0.000000 0.000000
184 1548065151 0.200000 -1.000000 -101.000000 0.000000 0.000000
184 1548065152 0.200000 -1.000000 -101.000000 0.000000 0.000000
184 1548065153 0.200000 -1.000000 -101.000000 0.000000 0.000000
184 1548065154 0.200000 -1.000000 -101.000000 0.000000 0.000000
184 1548065155 0.200000 -1.000000 -101.000000 0.000000 0.000000
184 1548065156 0.200000 -1.000000 -101.000000 0.000000 0.000000
184 1548065157 0.200000 -1.000000 -101.000000 0.000000 0.000000
184 1548065158 0.400000 -1.000000 -101.000000 0.000000 0.000000
184 1548065159 0.400000 -1.000000 -101.000000 0.000000 0.000000
184 1548065160 0.400000 -1.000000 -101.000000 0.000000 0.000000
184 1548065161 0.400000 -1.000000 -101.000000 0.000000 0.000000
184 1548065162 0.400000 -1.000000 -101.000000 0.000000 0.000000
184 1548065163 0.400000 -1.000000 -101.000000 0.000000 0.000000
184 1548065164 0.400000 -1.000000 -101.000000 0.000000 0.000000
189 1548065143 0.400000 -1.000000 -101.000000 0.000000 0.000000
189 1548065144 0.400000 -1.000000 -101.000000 0.000000 0.000000
189 1548065145 0.400000 -1.000000 -101.000000 0.000000 0.000000
189 1548065146 0.400000 -1.000000 -101.000000 0.000000 0.000000
189 1548065147 0.400000 -1.000000 -101.000000 0.000000 0.000000
189 1548065148 0.200000 -1.000000 -101.000000 0.000000 0.000000
189 1548065149 0.200000 -1.000000 -101.000000 0.000000 0.000000
189 1548065150 0.200000 -1.000000 -101.000000 0.000000 0.000000
189 1548065151 0.200000 -1.000000 -101.000000 0.000000 0.000000
189 1548065152 0.200000 -1.000000 -101.000000 0.000000 0.000000
189 1548065153 0.200000 -1.000000 -101.000000 0.000000 0.000000
189 1548065154 0.200000 -1.000000 -101.000000 0.000000 0.000000
189 1548065155 0.200000 -1.000000 -101.000000 0.000000 0.000000
189 1548065156 0.200000 -1.000000 -101.000000 0.000000 0.000000
189 1548065157 0.200000 -1.000000 -101.000000 0.000000 0.000000
184 1548065165 0.400000 -1.000000 -101.000000 0.000000 0.000000
184 1548065166 0.400000 -1.000000 -101.000000 0.000000 0.000000
184 1548065167 0.400000 -1.000000 -101.000000 0.000000 0.000000
184 1548065168 0.600000 -1.000000 -101.000000 0.000000 0.000000
184 1548065169 0.600000 -1.000000 -101.000000 0.000000 0.000000
184 1548065170 0.600000 -1.000000 -101.000000 0.000000 0.000000
184 1548065171 0.600000 -1.000000 -101.000000 0.000000 0.000000
184 1548065172 0.600000 -1.000000 -101.000000 0.000000 0.000000
184 1548065173 0.400000 -1.000000 -101.000000 0.000000 0.000000
184 1548065174 0.400000 -1.000000 -101.000000 0.000000 0.000000
184 1548065175 0.400000 -1.000000 -101.000000 0.000000 0.000000
184 1548065176 0.400000 -1.000000 -101.000000 0.000000 0.000000
184 1548065177 0.400000 -1.000000 -101.000000 0.000000 0.000000
189 1548065173 0.400000 -1.000000 -101.000000 0.000000 0.000000
189 1548065174 0.400000 -1.000000 -101.000000 0.000000 0.000000
189 1548065175 0.400000 -1.000000 -101.000000 0.000000 0.000000
189 1548065176 0.400000 -1.000000 -101.000000 0.000000 0.000000
189 1548065177 0.400000 -1.000000 -101.000000 0.000000 0.000000
184 1548065193 0.400000 -1.000000 -101.000000 0.000000 0.000000
184 1548065194 0.400000 -1.000000 -101.000000 0.000000 0.000000
184 1548065195 0.400000 -1.000000 -101.000000 0.000000 0.000000
184 1548065196 0.400000 -1.000000 -101.000000 0.000000 0.000000
184 1548065197 0.400000 -1.000000 -101.000000 0.000000 0.000000
184 1548065198 0.200000 -1.000000 -101.000000 0.000000 0.000000
184 1548065199 0.200000 -1.000000 -101.000000 0.000000 0.000000
184 1548065200 0.200000 -1.000000 -101.000000 0.000000 0.000000
184 1548065201 0.200000 -1.000000 -101.000000 0.000000 0.000000
184 1548065202 0.200000 -1.000000 -101.000000 0.000000 0.000000
184 1548065203 0.400000 -1.000000 -101.000000 0.000000 0.000000
184 1548065204 0.400000 -1.000000 -101.000000 0.000000 0.000000
184 1548065205 0.400000 -1.000000 -101.000000 0.000000 0.000000
184 1548065206 0.400000 -1.000000 -101.000000 0.000000 0.000000
184 1548065207 0.400000 -1.000000 -101.000000 0.000000 0.000000
189 1548065188 0.400000 -1.000000 -101.000000 0.000000 0.000000
189 1548065189 0.400000 -1.000000 -101.000000 0.000000 0.000000
189 1548065190 0.400000 -1.000000 -101.000000 0.000000 0.000000
189 1548065191 0.400000 -1.000000 -101.000000 0.000000 0.000000
189 1548065192 0.400000 -1.000000 -101.000000 0.000000 0.000000
189 1548065193 0.600000 -1.000000 -101.000000 0.000000 0.000000
189 1548065194 0.600000 -1.000000 -101.000000 0.000000 0.000000
189 1548065195 0.600000 -1.000000 -101.000000 0.000000 0.000000
189 1548065196 0.600000 -1.000000 -101.000000 0.000000 0.000000
189 1548065197 0.600000 -1.000000 -101.000000 0.000000 0.000000
189 1548065198 0.200000 -1.000000 -101.000000 0.000000 0.000000
189 1548065199 0.200000 -1.000000 -101.000000 0.000000 0.000000
189 1548065200 0.200000 -1.000000 -101.000000 0.000000 0.000000
189 1548065201 0.200000 -1.000000 -101.000000 0.000000 0.000000
189 1548065202 0.200000 -1.000000 -101.000000 0.000000 0.000000
184 1548065213 0.200000 -1.000000 -101.000000 0.000000 0.000000
184 1548065214 0.200000 -1.000000 -101.000000 0.000000 0.000000
184 1548065215 0.200000 -1.000000 -101.000000 0.000000 0.000000
184 1548065216 0.200000 -1.000000 -101.000000 0.000000 0.000000
184 1548065217 0.200000 -1.000000 -101.000000 0.000000 0.000000
184 1548065218 0.200000 -1.000000 -101.000000 0.000000 0.000000
184 1548065219 0.200000 -1.000000 -101.000000 0.000000 0.000000
184 1548065220 0.200000 -1.000000 -101.000000 0.000000 0.000000
184 1548065221 0.200000 -1.000000 -101.000000 0.000000 0.000000
184 1548065222 0.200000 -1.000000 -101.000000 0.000000 0.000000
184 1548065223 0.200000 -1.000000 -101.000000 0.000000 0.000000
184 1548065224 0.200000 -1.000000 -101.000000 0.000000 0.000000
184 1548065225 0.200000 -1.000000 -101.000000 0.000000 0.000000
184 1548065226 0.200000 -1.000000 -101.000000 0.000000 0.000000
184 1548065227 0.200000 -1.000000 -101.000000 0.000000 0.000000
184 1548065238 0.200000 -1.000000 -101.000000 0.000000 0.000000
184 1548065239 0.200000 -1.000000 -101.000000 0.000000 0.000000
189 1548065228 0.200000 -1.000000 -101.000000 0.000000 0.000000
189 1548065229 0.200000 -1.000000 -101.000000 0.000000 0.000000
189 1548065230 0.200000 -1.000000 -101.000000 0.000000 0.000000
189 1548065231 0.200000 -1.000000 -101.000000 0.000000 0.000000
189 1548065232 0.200000 -1.000000 -101.000000 0.000000 0.000000
189 1548065233 0.200000 -1.000000 -101.000000 0.000000 0.000000
189 1548065234 0.200000 -1.000000 -101.000000 0.000000 0.000000
189 1548065235 0.200000 -1.000000 -101.000000 0.000000 0.000000
189 1548065236 0.200000 -1.000000 -101.000000 0.000000 0.000000
189 1548065237 0.200000 -1.000000 -101.000000 0.000000 0.000000
189 1548065243 0.200000 -1.000000 -101.000000 0.000000 0.000000
189 1548065244 0.200000 -1.000000 -101.000000 0.000000 0.000000
184 1548065240 0.200000 -1.000000 -101.000000 0.000000 0.000000
184 1548065241 0.200000 -1.000000 -101.000000 0.000000 0.000000
184 1548065242 0.200000 -1.000000 -101.000000 0.000000 0.000000
184 1548065243 0.200000 -1.000000 -101.000000 0.000000 0.000000
184 1548065244 0.200000 -1.000000 -101.000000 0.000000 0.000000
184 1548065245 0.200000 -1.000000 -101.000000 0.000000 0.000000
184 1548065246 0.200000 -1.000000 -101.000000 0.000000 0.000000
184 1548065247 0.200000 -1.000000 -101.000000 0.000000 0.000000
189 1548065245 0.200000 -1.000000 -101.000000 0.000000 0.000000
189 1548065246 0.200000 -1.000000 -101.000000 0.000000 0.000000
189 1548065247 0.200000 -1.000000 -101.000000 0.000000 0.000000
184 1548065253 0.200000 -1.000000 -101.000000 0.000000 0.000000
184 1548065254 0.200000 -1.000000 -101.000000 0.000000 0.000000
184 1548065255 0.200000 -1.000000 -101.000000 0.000000 0.000000
184 1548065256 0.200000 -1.000000 -101.000000 0.000000 0.000000
184 1548065257 0.200000 -1.000000 -101.000000 0.000000 0.000000
184 1548065258 0.200000 -1.000000 -101.000000 0.000000 0.000000
184 1548065259 0.200000 -1.000000 -101.000000 0.000000 0.000000
184 1548065260 0.200000 -1.000000 -101.000000 0.000000 0.000000
184 1548065261 0.200000 -1.000000 -101.000000 0.000000 0.000000
184 1548065262 0.200000 -1.000000 -101.000000 0.000000 0.000000
184 1548065263 0.600000 -1.000000 -101.000000 0.000000 0.000000
184 1548065264 0.600000 -1.000000 -101.000000 0.000000 0.000000
184 1548065265 0.600000 -1.000000 -101.000000 0.000000 0.000000
184 1548065266 0.600000 -1.000000 -101.000000 0.000000 0.000000
184 1548065267 0.600000 -1.000000 -101.000000 0.000000 0.000000
184 1548065268 0.600000 -1.000000 -101.000000 0.000000 0.000000
184 1548065269 0.600000 -1.000000 -101.000000 0.000000 0.000000
184 1548065270 0.600000 -1.000000 -101.000000 0.000000 0.000000
184 1548065271 0.600000 -1.000000 -101.000000 0.000000 0.000000
184 1548065272 0.600000 -1.000000 -101.000000 0.000000 0.000000
184 1548065273 0.600000 -1.000000 -101.000000 0.000000 0.000000
184 1548065274 0.600000 -1.000000 -101.000000 0.000000 0.000000
189 1548065268 0.400000 -1.000000 -101.000000 0.000000 0.000000
189 1548065269 0.400000 -1.000000 -101.000000 0.000000 0.000000
189 1548065270 0.400000 -1.000000 -101.000000 0.000000 0.000000
189 1548065271 0.400000 -1.000000 -101.000000 0.000000 0.000000
189 1548065272 0.400000 -1.000000 -101.000000 0.000000 0.000000
184 1548065275 0.600000 -1.000000 -101.000000 0.000000 0.000000
184 1548065276 0.600000 -1.000000 -101.000000 0.000000 0.000000
184 1548065277 0.600000 -1.000000 -101.000000 0.000000 0.000000
184 1548065278 0.600000 -1.000000 -101.000000 0.000000 0.000000
184 1548065279 0.600000 -1.000000 -101.000000 0.000000 0.000000
184 1548065280 0.600000 -1.000000 -101.000000 0.000000 0.000000
184 1548065281 0.600000 -1.000000 -101.000000 0.000000 0.000000
184 1548065282 0.600000 -1.000000 -101.000000 0.000000 0.000000
189 1548065303 0.200000 -1.000000 -101.000000 0.000000 0.000000
189 1548065304 0.200000 -1.000000 -101.000000 0.000000 0.000000
184 1548065293 0.200000 -1.000000 -101.000000 0.000000 0.000000
184 1548065294 0.200000 -1.000000 -101.000000 0.000000 0.000000
184 1548065295 0.200000 -1.000000 -101.000000 0.000000 0.000000
184 1548065296 0.200000 -1.000000 -101.000000 0.000000 0.000000
184 1548065297 0.200000 -1.000000 -101.000000 0.000000 0.000000
184 1548065298 0.200000 -1.000000 -101.000000 0.000000 0.000000
184 1548065299 0.200000 -1.000000 -101.000000 0.000000 0.000000
184 1548065300 0.200000 -1.000000 -101.000000 0.000000 0.000000
184 1548065301 0.200000 -1.000000 -101.000000 0.000000 0.000000
184 1548065302 0.200000 -1.000000 -101.000000 0.000000 0.000000
184 1548065303 0.200000 -1.000000 -101.000000 0.000000 0.000000
184 1548065304 0.200000 -1.000000 -101.000000 0.000000 0.000000
184 1548065305 0.200000 -1.000000 -101.000000 0.000000 0.000000
184 1548065306 0.200000 -1.000000 -101.000000 0.000000 0.000000
184 1548065307 0.200000 -1.000000 -101.000000 0.000000 0.000000
184 1548065308 0.200000 -1.000000 -101.000000 0.000000 0.000000
184 1548065309 0.200000 -1.000000 -101.000000 0.000000 0.000000
189 1548065305 0.200000 -1.000000 -101.000000 0.000000 0.000000
189 1548065306 0.200000 -1.000000 -101.000000 0.000000 0.000000
189 1548065307 0.200000 -1.000000 -101.000000 0.000000 0.000000
189 1548065308 0.200000 -1.000000 -101.000000 0.000000 0.000000
189 1548065309 0.200000 -1.000000 -101.000000 0.000000 0.000000
184 1548065310 0.200000 -1.000000 -101.000000 0.000000 0.000000
184 1548065311 0.200000 -1.000000 -101.000000 0.000000 0.000000
184 1548065312 0.200000 -1.000000 -101.000000 0.000000 0.000000
184 1548065313 0.200000 -1.000000 -101.000000 0.000000 0.000000
184 1548065314 0.200000 -1.000000 -101.000000 0.000000 0.000000
189 1548065310 0.200000 -1.000000 -101.000000 0.000000 0.000000
189 1548065311 0.200000 -1.000000 -101.000000 0.000000 0.000000
189 1548065312 0.200000 -1.000000 -101.000000 0.000000 0.000000
184 1548065315 0.200000 -1.000000 -101.000000 0.000000 0.000000
184 1548065316 0.200000 -1.000000 -101.000000 0.000000 0.000000
184 1548065317 0.200000 -1.000000 -101.000000 0.000000 0.000000
184 1548065318 0.200000 -1.000000 -101.000000 0.000000 0.000000
184 1548065319 0.200000 -1.000000 -101.000000 0.000000 0.000000
184 1548065320 0.200000 -1.000000 -101.000000 0.000000 0.000000
184 1548065321 0.200000 -1.000000 -101.000000 0.000000 0.000000
184 1548065322 0.200000 -1.000000 -101.000000 0.000000 0.000000
184 1548065323 0.400000 -1.000000 -101.000000 0.000000 0.000000
184 1548065324 0.400000 -1.000000 -101.000000 0.000000 0.000000
184 1548065325 0.400000 -1.000000 -101.000000 0.000000 0.000000
184 1548065326 0.400000 -1.000000 -101.000000 0.000000 0.000000
184 1548065327 0.400000 -1.000000 -101.000000 0.000000 0.000000
184 1548065328 0.200000 -1.000000 -101.000000 0.000000 0.000000
184 1548065329 0.200000 -1.000000 -101.000000 0.000000 0.000000
184 1548065330 0.200000 -1.000000 -101.000000 0.000000 0.000000
184 1548065331 0.200000 -1.000000 -101.000000 0.000000 0.000000
184 1548065332 0.200000 -1.000000 -101.000000 0.000000 0.000000
184 1548065333 0.200000 -1.000000 -101.000000 0.000000 0.000000
184 1548065334 0.200000 -1.000000 -101.000000 0.000000 0.000000
184 1548065335 0.200000 -1.000000 -101.000000 0.000000 0.000000
184 1548065336 0.200000 -1.000000 -101.000000 0.000000 0.000000
184 1548065337 0.200000 -1.000000 -101.000000 0.000000 0.000000
189 1548065328 0.200000 -1.000000 -101.000000 0.000000 0.000000
189 1548065329 0.200000 -1.000000 -101.000000 0.000000 0.000000
189 1548065330 0.200000 -1.000000 -101.000000 0.000000 0.000000
189 1548065331 0.200000 -1.000000 -101.000000 0.000000 0.000000
189 1548065332 0.200000 -1.000000 -101.000000 0.000000 0.000000
184 1548065348 0.200000 -1.000000 -101.000000 0.000000 0.000000
184 1548065349 0.200000 -1.000000 -101.000000 0.000000 0.000000
189 1548065343 0.400000 -1.000000 -101.000000 0.000000 0.000000
189 1548065344 0.400000 -1.000000 -101.000000 0.000000 0.000000
189 1548065345 0.400000 -1.000000 -101.000000 0.000000 0.000000
189 1548065346 0.400000 -1.000000 -101.000000 0.000000 0.000000
189 1548065347 0.400000 -1.000000 -101.000000 0.000000 0.000000
189 1548065348 0.200000 -1.000000 -101.000000 0.000000 0.000000
189 1548065349 0.200000 -1.000000 -101.000000 0.000000 0.000000
189 1548065350 0.200000 -1.000000 -101.000000 0.000000 0.000000
189 1548065351 0.200000 -1.000000 -101.000000 0.000000 0.000000
189 1548065352 0.200000 -1.000000 -101.000000 0.000000 0.000000
189 1548065358 0.400000 -1.000000 -101.000000 0.000000 0.000000
189 1548065359 0.400000 -1.000000 -101.000000 0.000000 0.000000
184 1548065350 0.200000 -1.000000 -101.000000 0.000000 0.000000
184 1548065351 0.200000 -1.000000 -101.000000 0.000000 0.000000
184 1548065352 0.200000 -1.000000 -101.000000 0.000000 0.000000
189 1548065360 0.400000 -1.000000 -101.000000 0.000000 0.000000
189 1548065361 0.400000 -1.000000 -101.000000 0.000000 0.000000
189 1548065362 0.400000 -1.000000 -101.000000 0.000000 0.000000
189 1548065363 0.400000 -1.000000 -101.000000 0.000000 0.000000
189 1548065364 0.400000 -1.000000 -101.000000 0.000000 0.000000
184 1548065368 0.200000 -1.000000 -101.000000 0.000000 0.000000
184 1548065369 0.200000 -1.000000 -101.000000 0.000000 0.000000
189 1548065365 0.400000 -1.000000 -101.000000 0.000000 0.000000
189 1548065366 0.400000 -1.000000 -101.000000 0.000000 0.000000
189 1548065367 0.400000 -1.000000 -101.000000 0.000000 0.000000
189 1548065368 0.400000 -1.000000 -101.000000 0.000000 0.000000
189 1548065369 0.400000 -1.000000 -101.000000 0.000000 0.000000
184 1548065370 0.200000 -1.000000 -101.000000 0.000000 0.000000
184 1548065371 0.200000 -1.000000 -101.000000 0.000000 0.000000
184 1548065372 0.200000 -1.000000 -101.000000 0.000000 0.000000
184 1548065373 0.200000 -1.000000 -101.000000 0.000000 0.000000
184 1548065374 0.200000 -1.000000 -101.000000 0.000000 0.000000
189 1548065370 0.400000 -1.000000 -101.000000 0.000000 0.000000
189 1548065371 0.400000 -1.000000 -101.000000 0.000000 0.000000
189 1548065372 0.400000 -1.000000 -101.000000 0.000000 0.000000
184 1548065375 0.200000 -1.000000 -101.000000 0.000000 0.000000
184 1548065376 0.200000 -1.000000 -101.000000 0.000000 0.000000
184 1548065377 0.200000 -1.000000 -101.000000 0.000000 0.000000
189 1548065383 0.200000 -1.000000 -101.000000 0.000000 0.000000
189 1548065384 0.200000 -1.000000 -101.000000 0.000000 0.000000
189 1548065385 0.200000 -1.000000 -101.000000 0.000000 0.000000
189 1548065386 0.200000 -1.000000 -101.000000 0.000000 0.000000
189 1548065387 0.200000 -1.000000 -101.000000 0.000000 0.000000
189 1548065398 0.200000 -1.000000 -101.000000 0.000000 0.000000
189 1548065399 0.200000 -1.000000 -101.000000 0.000000 0.000000
184 1548065398 0.200000 -1.000000 -101.000000 0.000000 0.000000
184 1548065399 0.200000 -1.000000 -101.000000 0.000000 0.000000
184 1548065400 0.200000 -1.000000 -101.000000 0.000000 0.000000
184 1548065401 0.200000 -1.000000 -101.000000 0.000000 0.000000
184 1548065402 0.200000 -1.000000 -101.000000 0.000000 0.000000
184 1548065403 0.200000 -1.000000 -101.000000 0.000000 0.000000
184 1548065404 0.200000 -1.000000 -101.000000 0.000000 0.000000
189 1548065400 0.200000 -1.000000 -101.000000 0.000000 0.000000
189 1548065401 0.200000 -1.000000 -101.000000 0.000000 0.000000
189 1548065402 0.200000 -1.000000 -101.000000 0.000000 0.000000
184 1548065405 0.200000 -1.000000 -101.000000 0.000000 0.000000
184 1548065406 0.200000 -1.000000 -101.000000 0.000000 0.000000
184 1548065407 0.200000 -1.000000 -101.000000 0.000000 0.000000
184 1548065408 0.200000 -1.000000 -101.000000 0.000000 0.000000
184 1548065409 0.200000 -1.000000 -101.000000 0.000000 0.000000
184 1548065410 0.200000 -1.000000 -101.000000 0.000000 0.000000
184 1548065411 0.200000 -1.000000 -101.000000 0.000000 0.000000
184 1548065412 0.200000 -1.000000 -101.000000 0.000000 0.000000
189 1548065408 0.200000 -1.000000 -101.000000 0.000000 0.000000
189 1548065409 0.200000 -1.000000 -101.000000 0.000000 0.000000
189 1548065410 0.200000 -1.000000 -101.000000 0.000000 0.000000
189 1548065411 0.200000 -1.000000 -101.000000 0.000000 0.000000
189 1548065412 0.200000 -1.000000 -101.000000 0.000000 0.000000
189 1548065413 0.200000 -1.000000 -101.000000 0.000000 0.000000
189 1548065414 0.200000 -1.000000 -101.000000 0.000000 0.000000
184 1548065423 0.400000 -1.000000 -101.000000 0.000000 0.000000
184 1548065424 0.400000 -1.000000 -101.000000 0.000000 0.000000
184 1548065425 0.400000 -1.000000 -101.000000 0.000000 0.000000
184 1548065426 0.400000 -1.000000 -101.000000 0.000000 0.000000
184 1548065427 0.400000 -1.000000 -101.000000 0.000000 0.000000
184 1548065428 0.400000 -1.000000 -101.000000 0.000000 0.000000
184 1548065429 0.400000 -1.000000 -101.000000 0.000000 0.000000
184 1548065430 0.400000 -1.000000 -101.000000 0.000000 0.000000
184 1548065431 0.400000 -1.000000 -101.000000 0.000000 0.000000
184 1548065432 0.400000 -1.000000 -101.000000 0.000000 0.000000
184 1548065438 0.200000 -1.000000 -101.000000 0.000000 0.000000
184 1548065439 0.200000 -1.000000 -101.000000 0.000000 0.000000
189 1548065415 0.200000 -1.000000 -101.000000 0.000000 0.000000
189 1548065416 0.200000 -1.000000 -101.000000 0.000000 0.000000
189 1548065417 0.200000 -1.000000 -101.000000 0.000000 0.000000
189 1548065418 0.200000 -1.000000 -101.000000 0.000000 0.000000
189 1548065419 0.200000 -1.000000 -101.000000 0.000000 0.000000
189 1548065420 0.200000 -1.000000 -101.000000 0.000000 0.000000
189 1548065421 0.200000 -1.000000 -101.000000 0.000000 0.000000
189 1548065422 0.200000 -1.000000 -101.000000 0.000000 0.000000
189 1548065423 0.200000 -1.000000 -101.000000 0.000000 0.000000
189 1548065424 0.200000 -1.000000 -101.000000 0.000000 0.000000
189 1548065425 0.200000 -1.000000 -101.000000 0.000000 0.000000
189 1548065426 0.200000 -1.000000 -101.000000 0.000000 0.000000
189 1548065427 0.200000 -1.000000 -101.000000 0.000000 0.000000
189 1548065428 0.200000 -1.000000 -101.000000 0.000000 0.000000
189 1548065429 0.200000 -1.000000 -101.000000 0.000000 0.000000
189 1548065430 0.200000 -1.000000 -101.000000 0.000000 0.000000
189 1548065431 0.200000 -1.000000 -101.000000 0.000000 0.000000
189 1548065432 0.200000 -1.000000 -101.000000 0.000000 0.000000
189 1548065433 0.200000 -1.000000 -101.000000 0.000000 0.000000
189 1548065434 0.200000 -1.000000 -101.000000 0.000000 0.000000
189 1548065435 0.200000 -1.000000 -101.000000 0.000000 0.000000
189 1548065436 0.200000 -1.000000 -101.000000 0.000000 0.000000
189 1548065437 0.200000 -1.000000 -101.000000 0.000000 0.000000
189 1548065438 0.200000 -1.000000 -101.000000 0.000000 0.000000
189 1548065439 0.200000 -1.000000 -101.000000 0.000000 0.000000
184 1548065440 0.200000 -1.000000 -101.000000 0.000000 0.000000
184 1548065441 0.200000 -1.000000 -101.000000 0.000000 0.000000
184 1548065442 0.200000 -1.000000 -101.000000 0.000000 0.000000
189 1548065440 0.200000 -1.000000 -101.000000 0.000000 0.000000
189 1548065441 0.200000 -1.000000 -101.000000 0.000000 0.000000
189 1548065442 0.200000 -1.000000 -101.000000 0.000000 0.000000
189 1548065443 0.400000 -1.000000 -101.000000 0.000000 0.000000
189 1548065444 0.400000 -1.000000 -101.000000 0.000000 0.000000
189 1548065445 0.400000 -1.000000 -101.000000 0.000000 0.000000
189 1548065446 0.400000 -1.000000 -101.000000 0.000000 0.000000
189 1548065447 0.400000 -1.000000 -101.000000 0.000000 0.000000
184 1548065448 0.200000 -1.000000 -101.000000 0.000000 0.000000
184 1548065449 0.200000 -1.000000 -101.000000 0.000000 0.000000
184 1548065450 0.200000 -1.000000 -101.000000 0.000000 0.000000
184 1548065451 0.200000 -1.000000 -101.000000 0.000000 0.000000
184 1548065452 0.200000 -1.000000 -101.000000 0.000000 0.000000
184 1548065453 0.400000 -1.000000 -101.000000 0.000000 0.000000
184 1548065454 0.400000 -1.000000 -101.000000 0.000000 0.000000
184 1548065455 0.400000 -1.000000 -101.000000 0.000000 0.000000
184 1548065456 0.400000 -1.000000 -101.000000 0.000000 0.000000
184 1548065457 0.400000 -1.000000 -101.000000 0.000000 0.000000
184 1548065463 0.400000 -1.000000 -101.000000 0.000000 0.000000
184 1548065464 0.400000 -1.000000 -101.000000 0.000000 0.000000
189 1548065458 0.400000 -1.000000 -101.000000 0.000000 0.000000
189 1548065459 0.400000 -1.000000 -101.000000 0.000000 0.000000
189 1548065460 0.400000 -1.000000 -101.000000 0.000000 0.000000
189 1548065461 0.400000 -1.000000 -101.000000 0.000000 0.000000
189 1548065462 0.400000 -1.000000 -101.000000 0.000000 0.000000
184 1548065465 0.400000 -1.000000 -101.000000 0.000000 0.000000
184 1548065466 0.400000 -1.000000 -101.000000 0.000000 0.000000
184 1548065467 0.400000 -1.000000 -101.000000 0.000000 0.000000
184 1548065473 0.200000 -1.000000 -101.000000 0.000000 0.000000
184 1548065474 0.200000 -1.000000 -101.000000 0.000000 0.000000
184 1548065475 0.200000 -1.000000 -101.000000 0.000000 0.000000
184 1548065476 0.200000 -1.000000 -101.000000 0.000000 0.000000
184 1548065477 0.200000 -1.000000 -101.000000 0.000000 0.000000
184 1548065478 0.200000 -1.000000 -101.000000 0.000000 0.000000
184 1548065479 0.200000 -1.000000 -101.000000 0.000000 0.000000
184 1548065480 0.200000 -1.000000 -101.000000 0.000000 0.000000
184 1548065481 0.200000 -1.000000 -101.000000 0.000000 0.000000
184 1548065482 0.200000 -1.000000 -101.000000 0.000000 0.000000
184 1548065483 0.600000 -1.000000 -101.000000 0.000000 0.000000
184 1548065484 0.600000 -1.000000 -101.000000 0.000000 0.000000
189 1548065473 0.200000 -1.000000 -101.000000 0.000000 0.000000
189 1548065474 0.200000 -1.000000 -101.000000 0.000000 0.000000
189 1548065475 0.200000 -1.000000 -101.000000 0.000000 0.000000
189 1548065476 0.200000 -1.000000 -101.000000 0.000000 0.000000
189 1548065477 0.200000 -1.000000 -101.000000 0.000000 0.000000
184 1548065485 0.600000 -1.000000 -101.000000 0.000000 0.000000
184 1548065486 0.600000 -1.000000 -101.000000 0.000000 0.000000
184 1548065487 0.600000 -1.000000 -101.000000 0.000000 0.000000
189 1548065493 0.400000 -1.000000 -101.000000 0.000000 0.000000
189 1548065494 0.400000 -1.000000 -101.000000 0.000000 0.000000
184 1548065493 0.200000 -1.000000 -101.000000 0.000000 0.000000
184 1548065494 0.200000 -1.000000 -101.000000 0.000000 0.000000
184 1548065495 0.200000 -1.000000 -101.000000 0.000000 0.000000
184 1548065496 0.200000 -1.000000 -101.000000 0.000000 0.000000
184 1548065497 0.200000 -1.000000 -101.000000 0.000000 0.000000
184 1548065498 0.200000 -1.000000 -101.000000 0.000000 0.000000
184 1548065499 0.200000 -1.000000 -101.000000 0.000000 0.000000
184 1548065500 0.200000 -1.000000 -101.000000 0.000000 0.000000
184 1548065501 0.200000 -1.000000 -101.000000 0.000000 0.000000
184 1548065502 0.200000 -1.000000 -101.000000 0.000000 0.000000
184 1548065503 0.400000 -1.000000 -101.000000 0.000000 0.000000
184 1548065504 0.400000 -1.000000 -101.000000 0.000000 0.000000
184 1548065505 0.400000 -1.000000 -101.000000 0.000000 0.000000
184 1548065506 0.400000 -1.000000 -101.000000 0.000000 0.000000
184 1548065507 0.400000 -1.000000 -101.000000 0.000000 0.000000
184 1548065513 0.200000 -1.000000 -101.000000 0.000000 0.000000
184 1548065514 0.200000 -1.000000 -101.000000 0.000000 0.000000
189 1548065495 0.400000 -1.000000 -101.000000 0.000000 0.000000
189 1548065496 0.400000 -1.000000 -101.000000 0.000000 0.000000
189 1548065497 0.400000 -1.000000 -101.000000 0.000000 0.000000
189 1548065498 0.600000 -1.000000 -101.000000 0.000000 0.000000
189 1548065499 0.600000 -1.000000 -101.000000 0.000000 0.000000
189 1548065500 0.600000 -1.000000 -101.000000 0.000000 0.000000
189 1548065501 0.600000 -1.000000 -101.000000 0.000000 0.000000
189 1548065502 0.600000 -1.000000 -101.000000 0.000000 0.000000
189 1548065503 0.400000 -1.000000 -101.000000 0.000000 0.000000
189 1548065504 0.400000 -1.000000 -101.000000 0.000000 0.000000
189 1548065505 0.400000 -1.000000 -101.000000 0.000000 0.000000
189 1548065506 0.400000 -1.000000 -101.000000 0.000000 0.000000
189 1548065507 0.400000 -1.000000 -101.000000 0.000000 0.000000
184 1548065515 0.200000 -1.000000 -101.000000 0.000000 0.000000
184 1548065516 0.200000 -1.000000 -101.000000 0.000000 0.000000
184 1548065517 0.200000 -1.000000 -101.000000 0.000000 0.000000
184 1548065518 0.400000 -1.000000 -101.000000 0.000000 0.000000
184 1548065519 0.400000 -1.000000 -101.000000 0.000000 0.000000
184 1548065520 0.400000 -1.000000 -101.000000 0.000000 0.000000
184 1548065521 0.400000 -1.000000 -101.000000 0.000000 0.000000
184 1548065522 0.400000 -1.000000 -101.000000 0.000000 0.000000
184 1548065523 0.200000 -1.000000 -101.000000 0.000000 0.000000
184 1548065524 0.200000 -1.000000 -101.000000 0.000000 0.000000
184 1548065525 0.200000 -1.000000 -101.000000 0.000000 0.000000
184 1548065526 0.200000 -1.000000 -101.000000 0.000000 0.000000
184 1548065527 0.200000 -1.000000 -101.000000 0.000000 0.000000
189 1548065528 0.200000 -1.000000 -101.000000 0.000000 0.000000
189 1548065529 0.200000 -1.000000 -101.000000 0.000000 0.000000
184 1548065533 0.600000 -1.000000 -101.000000 0.000000 0.000000
184 1548065534 0.600000 -1.000000 -101.000000 0.000000 0.000000
189 1548065530 0.200000 -1.000000 -101.000000 0.000000 0.000000
189 1548065531 0.200000 -1.000000 -101.000000 0.000000 0.000000
189 1548065532 0.200000 -1.000000 -101.000000 0.000000 0.000000
184 1548065535 0.600000 -1.000000 -101.000000 0.000000 0.000000
184 1548065536 0.600000 -1.000000 -101.000000 0.000000 0.000000
184 1548065537 0.600000 -1.000000 -101.000000 0.000000 0.000000
189 1548065538 0.200000 -1.000000 -101.000000 0.000000 0.000000
189 1548065539 0.200000 -1.000000 -101.000000 0.000000 0.000000
189 1548065540 0.200000 -1.000000 -101.000000 0.000000 0.000000
189 1548065541 0.200000 -1.000000 -101.000000 0.000000 0.000000
189 1548065542 0.200000 -1.000000 -101.000000 0.000000 0.000000
189 1548065543 0.200000 -1.000000 -101.000000 0.000000 0.000000
189 1548065544 0.200000 -1.000000 -101.000000 0.000000 0.000000
184 1548065543 0.400000 -1.000000 -101.000000 0.000000 0.000000
184 1548065544 0.400000 -1.000000 -101.000000 0.000000 0.000000
184 1548065545 0.400000 -1.000000 -101.000000 0.000000 0.000000
184 1548065546 0.400000 -1.000000 -101.000000 0.000000 0.000000
184 1548065547 0.400000 -1.000000 -101.000000 0.000000 0.000000
184 1548065548 0.200000 -1.000000 -101.000000 0.000000 0.000000
184 1548065549 0.200000 -1.000000 -101.000000 0.000000 0.000000
184 1548065550 0.200000 -1.000000 -101.000000 0.000000 0.000000
184 1548065551 0.200000 -1.000000 -101.000000 0.000000 0.000000
184 1548065552 0.200000 -1.000000 -101.000000 0.000000 0.000000
189 1548065545 0.200000 -1.000000 -101.000000 0.000000 0.000000
189 1548065546 0.200000 -1.000000 -101.000000 0.000000 0.000000
189 1548065547 0.200000 -1.000000 -101.000000 0.000000 0.000000
189 1548065548 0.200000 -1.000000 -101.000000 0.000000 0.000000
189 1548065549 0.200000 -1.000000 -101.000000 0.000000 0.000000
189 1548065550 0.200000 -1.000000 -101.000000 0.000000 0.000000
189 1548065551 0.200000 -1.000000 -101.000000 0.000000 0.000000
189 1548065552 0.200000 -1.000000 -101.000000 0.000000 0.000000
189 1548065553 0.200000 -1.000000 -101.000000 0.000000 0.000000
189 1548065554 0.200000 -1.000000 -101.000000 0.000000 0.000000
184 1548065558 0.600000 -1.000000 -101.000000 0.000000 0.000000
184 1548065559 0.600000 -1.000000 -101.000000 0.000000 0.000000
189 1548065555 0.200000 -1.000000 -101.000000 0.000000 0.000000
189 1548065556 0.200000 -1.000000 -101.000000 0.000000 0.000000
189 1548065557 0.200000 -1.000000 -101.000000 0.000000 0.000000
184 1548065560 0.600000 -1.000000 -101.000000 0.000000 0.000000
184 1548065561 0.600000 -1.000000 -101.000000 0.000000 0.000000
184 1548065562 0.600000 -1.000000 -101.000000 0.000000 0.000000
184 1548065563 0.600000 -1.000000 -101.000000 0.000000 0.000000
184 1548065564 0.600000 -1.000000 -101.000000 0.000000 0.000000
184 1548065565 0.600000 -1.000000 -101.000000 0.000000 0.000000
184 1548065566 0.600000 -1.000000 -101.000000 0.000000 0.000000
184 1548065567 0.600000 -1.000000 -101.000000 0.000000 0.000000
184 1548065568 0.800000 -1.000000 -101.000000 0.000000 0.000000
184 1548065569 0.800000 -1.000000 -101.000000 0.000000 0.000000
184 1548065570 0.800000 -1.000000 -101.000000 0.000000 0.000000
184 1548065571 0.800000 -1.000000 -101.000000 0.000000 0.000000
184 1548065572 0.800000 -1.000000 -101.000000 0.000000 0.000000
184 1548065573 0.400000 -1.000000 -101.000000 0.000000 0.000000
184 1548065574 0.400000 -1.000000 -101.000000 0.000000 0.000000
184 1548065575 0.400000 -1.000000 -101.000000 0.000000 0.000000
184 1548065576 0.400000 -1.000000 -101.000000 0.000000 0.000000
184 1548065577 0.400000 -1.000000 -101.000000 0.000000 0.000000
189 1548065573 0.200000 -1.000000 -101.000000 0.000000 0.000000
189 1548065574 0.200000 -1.000000 -101.000000 0.000000 0.000000
189 1548065575 0.200000 -1.000000 -101.000000 0.000000 0.000000
189 1548065576 0.200000 -1.000000 -101.000000 0.000000 0.000000
189 1548065577 0.200000 -1.000000 -101.000000 0.000000 0.000000
184 1548065583 0.400000 -1.000000 -101.000000 0.000000 0.000000
184 1548065584 0.400000 -1.000000 -101.000000 0.000000 0.000000
184 1548065585 0.400000 -1.000000 -101.000000 0.000000 0.000000
184 1548065586 0.400000 -1.000000 -101.000000 0.000000 0.000000
184 1548065587 0.400000 -1.000000 -101.000000 0.000000 0.000000
184 1548065588 0.600000 -1.000000 -101.000000 0.000000 0.000000
184 1548065589 0.600000 -1.000000 -101.000000 0.000000 0.000000
189 1548065588 0.200000 -1.000000 -101.000000 0.000000 0.000000
189 1548065589 0.200000 -1.000000 -101.000000 0.000000 0.000000
184 1548065590 0.600000 -1.000000 -101.000000 0.000000 0.000000
184 1548065591 0.600000 -1.000000 -101.000000 0.000000 0.000000
184 1548065592 0.600000 -1.000000 -101.000000 0.000000 0.000000
184 1548065593 0.400000 -1.000000 -101.000000 0.000000 0.000000
184 1548065594 0.400000 -1.000000 -101.000000 0.000000 0.000000
189 1548065590 0.200000 -1.000000 -101.000000 0.000000 0.000000
189 1548065591 0.200000 -1.000000 -101.000000 0.000000 0.000000
189 1548065592 0.200000 -1.000000 -101.000000 0.000000 0.000000
189 1548065593 0.200000 -1.000000 -101.000000 0.000000 0.000000
189 1548065594 0.200000 -1.000000 -101.000000 0.000000 0.000000
189 1548065595 0.200000 -1.000000 -101.000000 0.000000 0.000000
189 1548065596 0.200000 -1.000000 -101.000000 0.000000 0.000000
189 1548065597 0.200000 -1.000000 -101.000000 0.000000 0.000000
184 1548065595 0.400000 -1.000000 -101.000000 0.000000 0.000000
184 1548065596 0.400000 -1.000000 -101.000000 0.000000 0.000000
184 1548065597 0.400000 -1.000000 -101.000000 0.000000 0.000000
184 1548065598 0.200000 -1.000000 -101.000000 0.000000 0.000000
184 1548065599 0.200000 -1.000000 -101.000000 0.000000 0.000000
184 1548065600 0.200000 -1.000000 -101.000000 0.000000 0.000000
184 1548065601 0.200000 -1.000000 -101.000000 0.000000 0.000000
184 1548065602 0.200000 -1.000000 -101.000000 0.000000 0.000000
184 1548065608 1.000000 -1.000000 -101.000000 0.000000 0.000000
184 1548065609 1.000000 -1.000000 -101.000000 0.000000 0.000000
184 1548065610 1.000000 -1.000000 -101.000000 0.000000 0.000000
184 1548065611 1.000000 -1.000000 -101.000000 0.000000 0.000000
184 1548065612 1.000000 -1.000000 -101.000000 0.000000 0.000000
184 1548065613 0.400000 -1.000000 -101.000000 0.000000 0.000000
184 1548065614 0.400000 -1.000000 -101.000000 0.000000 0.000000
184 1548065615 0.400000 -1.000000 -101.000000 0.000000 0.000000
184 1548065616 0.400000 -1.000000 -101.000000 0.000000 0.000000
184 1548065617 0.400000 -1.000000 -101.000000 0.000000 0.000000
184 1548065618 0.200000 -1.000000 -101.000000 0.000000 0.000000
184 1548065619 0.200000 -1.000000 -101.000000 0.000000 0.000000
184 1548065620 0.200000 -1.000000 -101.000000 0.000000 0.000000
184 1548065621 0.200000 -1.000000 -101.000000 0.000000 0.000000
184 1548065622 0.200000 -1.000000 -101.000000 0.000000 0.000000
184 1548065623 0.400000 -1.000000 -101.000000 0.000000 0.000000
184 1548065624 0.400000 -1.000000 -101.000000 0.000000 0.000000
184 1548065625 0.400000 -1.000000 -101.000000 0.000000 0.000000
184 1548065626 0.400000 -1.000000 -101.000000 0.000000 0.000000
184 1548065627 0.400000 -1.000000 -101.000000 0.000000 0.000000
189 1548065603 0.200000 -1.000000 -101.000000 0.000000 0.000000
189 1548065604 0.200000 -1.000000 -101.000000 0.000000 0.000000
189 1548065605 0.200000 -1.000000 -101.000000 0.000000 0.000000
189 1548065606 0.200000 -1.000000 -101.000000 0.000000 0.000000
189 1548065607 0.200000 -1.000000 -101.000000 0.000000 0.000000
189 1548065608 0.200000 -1.000000 -101.000000 0.000000 0.000000
189 1548065609 0.200000 -1.000000 -101.000000 0.000000 0.000000
189 1548065610 0.200000 -1.000000 -101.000000 0.000000 0.000000
189 1548065611 0.200000 -1.000000 -101.000000 0.000000 0.000000
189 1548065612 0.200000 -1.000000 -101.000000 0.000000 0.000000
189 1548065618 0.400000 -1.000000 -101.000000 0.000000 0.000000
189 1548065619 0.400000 -1.000000 -101.000000 0.000000 0.000000
189 1548065620 0.400000 -1.000000 -101.000000 0.000000 0.000000
189 1548065621 0.400000 -1.000000 -101.000000 0.000000 0.000000
189 1548065622 0.400000 -1.000000 -101.000000 0.000000 0.000000
184 1548065633 0.800000 -1.000000 -101.000000 0.000000 0.000000
184 1548065634 0.800000 -1.000000 -101.000000 0.000000 0.000000
184 1548065635 0.800000 -1.000000 -101.000000 0.000000 0.000000
184 1548065636 0.800000 -1.000000 -101.000000 0.000000 0.000000
184 1548065637 0.800000 -1.000000 -101.000000 0.000000 0.000000
184 1548065638 0.400000 -1.000000 -101.000000 0.000000 0.000000
184 1548065639 0.400000 -1.000000 -101.000000 0.000000 0.000000
189 1548065638 0.200000 -1.000000 -101.000000 0.000000 0.000000
189 1548065639 0.200000 -1.000000 -101.000000 0.000000 0.000000
184 1548065640 0.400000 -1.000000 -101.000000 0.000000 0.000000
184 1548065641 0.400000 -1.000000 -101.000000 0.000000 0.000000
184 1548065642 0.400000 -1.000000 -101.000000 0.000000 0.000000
184 1548065643 1.000000 -1.000000 -101.000000 0.000000 0.000000
184 1548065644 1.000000 -1.000000 -101.000000 0.000000 0.000000
184 1548065645 1.000000 -1.000000 -101.000000 0.000000 0.000000
184 1548065646 1.000000 -1.000000 -101.000000 0.000000 0.000000
184 1548065647 1.000000 -1.000000 -101.000000 0.000000 0.000000
184 1548065653 0.600000 -1.000000 -101.000000 0.000000 0.000000
184 1548065654 0.600000 -1.000000 -101.000000 0.000000 0.000000
189 1548065640 0.200000 -1.000000 -101.000000 0.000000 0.000000
189 1548065641 0.200000 -1.000000 -101.000000 0.000000 0.000000
189 1548065642 0.200000 -1.000000 -101.000000 0.000000 0.000000
189 1548065643 0.600000 -1.000000 -101.000000 0.000000 0.000000
189 1548065644 0.600000 -1.000000 -101.000000 0.000000 0.000000
189 1548065645 0.600000 -1.000000 -101.000000 0.000000 0.000000
189 1548065646 0.600000 -1.000000 -101.000000 0.000000 0.000000
189 1548065647 0.600000 -1.000000 -101.000000 0.000000 0.000000
189 1548065653 0.600000 -1.000000 -101.000000 0.000000 0.000000
189 1548065654 0.600000 -1.000000 -101.000000 0.000000 0.000000
189 1548065655 0.600000 -1.000000 -101.000000 0.000000 0.000000
189 1548065656 0.600000 -1.000000 -101.000000 0.000000 0.000000
189 1548065657 0.600000 -1.000000 -101.000000 0.000000 0.000000
189 1548065658 0.200000 -1.000000 -101.000000 0.000000 0.000000
189 1548065659 0.200000 -1.000000 -101.000000 0.000000 0.000000
184 1548065655 0.600000 -1.000000 -101.000000 0.000000 0.000000
184 1548065656 0.600000 -1.000000 -101.000000 0.000000 0.000000
184 1548065657 0.600000 -1.000000 -101.000000 0.000000 0.000000
184 1548065663 0.600000 -1.000000 -101.000000 0.000000 0.000000
184 1548065664 0.600000 -1.000000 -101.000000 0.000000 0.000000
189 1548065660 0.200000 -1.000000 -101.000000 0.000000 0.000000
189 1548065661 0.200000 -1.000000 -101.000000 0.000000 0.000000
189 1548065662 0.200000 -1.000000 -101.000000 0.000000 0.000000
184 1548065665 0.600000 -1.000000 -101.000000 0.000000 0.000000
184 1548065666 0.600000 -1.000000 -101.000000 0.000000 0.000000
184 1548065667 0.600000 -1.000000 -101.000000 0.000000 0.000000
184 1548065668 0.400000 -1.000000 -101.000000 0.000000 0.000000
184 1548065669 0.400000 -1.000000 -101.000000 0.000000 0.000000
184 1548065670 0.400000 -1.000000 -101.000000 0.000000 0.000000
184 1548065671 0.400000 -1.000000 -101.000000 0.000000 0.000000
184 1548065672 0.400000 -1.000000 -101.000000 0.000000 0.000000
184 1548065673 0.200000 -1.000000 -101.000000 0.000000 0.000000
184 1548065674 0.200000 -1.000000 -101.000000 0.000000 0.000000
184 1548065675 0.200000 -1.000000 -101.000000 0.000000 0.000000
184 1548065676 0.200000 -1.000000 -101.000000 0.000000 0.000000
184 1548065677 0.200000 -1.000000 -101.000000 0.000000 0.000000
189 1548065683 0.200000 -1.000000 -101.000000 0.000000 0.000000
189 1548065684 0.200000 -1.000000 -101.000000 0.000000 0.000000
184 1548065683 0.600000 -1.000000 -101.000000 0.000000 0.000000
184 1548065684 0.600000 -1.000000 -101.000000 0.000000 0.000000
184 1548065685 0.600000 -1.000000 -101.000000 0.000000 0.000000
184 1548065686 0.600000 -1.000000 -101.000000 0.000000 0.000000
184 1548065687 0.600000 -1.000000 -101.000000 0.000000 0.000000
184 1548065688 0.200000 -1.000000 -101.000000 0.000000 0.000000
184 1548065689 0.200000 -1.000000 -101.000000 0.000000 0.000000
184 1548065690 0.200000 -1.000000 -101.000000 0.000000 0.000000
184 1548065691 0.200000 -1.000000 -101.000000 0.000000 0.000000
184 1548065692 0.200000 -1.000000 -101.000000 0.000000 0.000000
184 1548065693 0.400000 -1.000000 -101.000000 0.000000 0.000000
184 1548065694 0.400000 -1.000000 -101.000000 0.000000 0.000000
189 1548065685 0.200000 -1.000000 -101.000000 0.000000 0.000000
189 1548065686 0.200000 -1.000000 -101.000000 0.000000 0.000000
189 1548065687 0.200000 -1.000000 -101.000000 0.000000 0.000000
189 1548065688 0.200000 -1.000000 -101.000000 0.000000 0.000000
189 1548065689 0.200000 -1.000000 -101.000000 0.000000 0.000000
189 1548065690 0.200000 -1.000000 -101.000000 0.000000 0.000000
189 1548065691 0.200000 -1.000000 -101.000000 0.000000 0.000000
189 1548065692 0.200000 -1.000000 -101.000000 0.000000 0.000000
189 1548065693 0.200000 -1.000000 -101.000000 0.000000 0.000000
189 1548065694 0.200000 -1.000000 -101.000000 0.000000 0.000000
184 1548065695 0.400000 -1.000000 -101.000000 0.000000 0.000000
184 1548065696 0.400000 -1.000000 -101.000000 0.000000 0.000000
184 1548065697 0.400000 -1.000000 -101.000000 0.000000 0.000000
184 1548065698 0.200000 -1.000000 -101.000000 0.000000 0.000000
184 1548065699 0.200000 -1.000000 -101.000000 0.000000 0.000000
189 1548065695 0.200000 -1.000000 -101.000000 0.000000 0.000000
189 1548065696 0.200000 -1.000000 -101.000000 0.000000 0.000000
189 1548065697 0.200000 -1.000000 -101.000000 0.000000 0.000000
189 1548065698 0.200000 -1.000000 -101.000000 0.000000 0.000000
189 1548065699 0.200000 -1.000000 -101.000000 0.000000 0.000000
184 1548065700 0.200000 -1.000000 -101.000000 0.000000 0.000000
184 1548065701 0.200000 -1.000000 -101.000000 0.000000 0.000000
184 1548065702 0.200000 -1.000000 -101.000000 0.000000 0.000000
184 1548065703 1.000000 -1.000000 -101.000000 0.000000 0.000000
184 1548065704 1.000000 -1.000000 -101.000000 0.000000 0.000000
189 1548065700 0.200000 -1.000000 -101.000000 0.000000 0.000000
189 1548065701 0.200000 -1.000000 -101.000000 0.000000 0.000000
189 1548065702 0.200000 -1.000000 -101.000000 0.000000 0.000000
184 1548065705 1.000000 -1.000000 -101.000000 0.000000 0.000000
184 1548065706 1.000000 -1.000000 -101.000000 0.000000 0.000000
184 1548065707 1.000000 -1.000000 -101.000000 0.000000 0.000000
184 1548065708 0.400000 -1.000000 -101.000000 0.000000 0.000000
184 1548065709 0.400000 -1.000000 -101.000000 0.000000 0.000000
184 1548065710 0.400000 -1.000000 -101.000000 0.000000 0.000000
184 1548065711 0.400000 -1.000000 -101.000000 0.000000 0.000000
184 1548065712 0.400000 -1.000000 -101.000000 0.000000 0.000000
184 1548065713 0.200000 -1.000000 -101.000000 0.000000 0.000000
184 1548065714 0.200000 -1.000000 -101.000000 0.000000 0.000000
184 1548065715 0.200000 -1.000000 -101.000000 0.000000 0.000000
184 1548065716 0.200000 -1.000000 -101.000000 0.000000 0.000000
184 1548065717 0.200000 -1.000000 -101.000000 0.000000 0.000000
189 1548065718 0.400000 -1.000000 -101.000000 0.000000 0.000000
189 1548065719 0.400000 -1.000000 -101.000000 0.000000 0.000000
184 1548065723 0.400000 -1.000000 -101.000000 0.000000 0.000000
184 1548065724 0.400000 -1.000000 -101.000000 0.000000 0.000000
189 1548065720 0.400000 -1.000000 -101.000000 0.000000 0.000000
189 1548065721 0.400000 -1.000000 -101.000000 0.000000 0.000000
189 1548065722 0.400000 -1.000000 -101.000000 0.000000 0.000000
189 1548065723 0.400000 -1.000000 -101.000000 0.000000 0.000000
189 1548065724 0.400000 -1.000000 -101.000000 0.000000 0.000000
184 1548065725 0.400000 -1.000000 -101.000000 0.000000 0.000000
184 1548065726 0.400000 -1.000000 -101.000000 0.000000 0.000000
184 1548065727 0.400000 -1.000000 -101.000000 0.000000 0.000000
184 1548065728 1.200000 -1.000000 -101.000000 0.000000 0.000000
184 1548065729 1.200000 -1.000000 -101.000000 0.000000 0.000000
189 1548065725 0.400000 -1.000000 -101.000000 0.000000 0.000000
189 1548065726 0.400000 -1.000000 -101.000000 0.000000 0.000000
189 1548065727 0.400000 -1.000000 -101.000000 0.000000 0.000000
189 1548065728 0.200000 -1.000000 -101.000000 0.000000 0.000000
189 1548065729 0.200000 -1.000000 -101.000000 0.000000 0.000000
184 1548065730 1.200000 -1.000000 -101.000000 0.000000 0.000000
184 1548065731 1.200000 -1.000000 -101.000000 0.000000 0.000000
184 1548065732 1.200000 -1.000000 -101.000000 0.000000 0.000000
184 1548065733 0.800000 -1.000000 -101.000000 0.000000 0.000000
184 1548065734 0.800000 -1.000000 -101.000000 0.000000 0.000000
189 1548065730 0.200000 -1.000000 -101.000000 0.000000 0.000000
189 1548065731 0.200000 -1.000000 -101.000000 0.000000 0.000000
189 1548065732 0.200000 -1.000000 -101.000000 0.000000 0.000000
189 1548065733 0.600000 -1.000000 -101.000000 0.000000 0.000000
189 1548065734 0.600000 -1.000000 -101.000000 0.000000 0.000000
189 1548065735 0.600000 -1.000000 -101.000000 0.000000 0.000000
189 1548065736 0.600000 -1.000000 -101.000000 0.000000 0.000000
189 1548065737 0.600000 -1.000000 -101.000000 0.000000 0.000000
189 1548065738 0.400000 -1.000000 -101.000000 0.000000 0.000000
189 1548065739 0.400000 -1.000000 -101.000000 0.000000 0.000000
184 1548065735 0.800000 -1.000000 -101.000000 0.000000 0.000000
184 1548065736 0.800000 -1.000000 -101.000000 0.000000 0.000000
184 1548065737 0.800000 -1.000000 -101.000000 0.000000 0.000000
184 1548065738 0.200000 -1.000000 -101.000000 0.000000 0.000000
184 1548065739 0.200000 -1.000000 -101.000000 0.000000 0.000000
184 1548065740 0.200000 -1.000000 -101.000000 0.000000 0.000000
184 1548065741 0.200000 -1.000000 -101.000000 0.000000 0.000000
184 1548065742 0.200000 -1.000000 -101.000000 0.000000 0.000000
184 1548065743 0.800000 -1.000000 -101.000000 0.000000 0.000000
184 1548065744 0.800000 -1.000000 -101.000000 0.000000 0.000000
189 1548065740 0.400000 -1.000000 -101.000000 0.000000 0.000000
189 1548065741 0.400000 -1.000000 -101.000000 0.000000 0.000000
189 1548065742 0.400000 -1.000000 -101.000000 0.000000 0.000000
184 1548065745 0.800000 -1.000000 -101.000000 0.000000 0.000000
184 1548065746 0.800000 -1.000000 -101.000000 0.000000 0.000000
184 1548065747 0.800000 -1.000000 -101.000000 0.000000 0.000000
184 1548065748 0.200000 -1.000000 -101.000000 0.000000 0.000000
184 1548065749 0.200000 -1.000000 -101.000000 0.000000 0.000000
184 1548065750 0.200000 -1.000000 -101.000000 0.000000 0.000000
184 1548065751 0.200000 -1.000000 -101.000000 0.000000 0.000000
184 1548065752 0.200000 -1.000000 -101.000000 0.000000 0.000000
184 1548065753 0.400000 -1.000000 -101.000000 0.000000 0.000000
184 1548065754 0.400000 -1.000000 -101.000000 0.000000 0.000000
189 1548065753 0.400000 -1.000000 -101.000000 0.000000 0.000000
189 1548065754 0.400000 -1.000000 -101.000000 0.000000 0.000000
184 1548065755 0.400000 -1.000000 -101.000000 0.000000 0.000000
184 1548065756 0.400000 -1.000000 -101.000000 0.000000 0.000000
184 1548065757 0.400000 -1.000000 -101.000000 0.000000 0.000000
184 1548065758 0.200000 -1.000000 -101.000000 0.000000 0.000000
184 1548065759 0.200000 -1.000000 -101.000000 0.000000 0.000000
189 1548065755 0.400000 -1.000000 -101.000000 0.000000 0.000000
189 1548065756 0.400000 -1.000000 -101.000000 0.000000 0.000000
189 1548065757 0.400000 -1.000000 -101.000000 0.000000 0.000000
184 1548065760 0.200000 -1.000000 -101.000000 0.000000 0.000000
184 1548065761 0.200000 -1.000000 -101.000000 0.000000 0.000000
184 1548065762 0.200000 -1.000000 -101.000000 0.000000 0.000000
184 1548065763 0.400000 -1.000000 -101.000000 0.000000 0.000000
184 1548065764 0.400000 -1.000000 -101.000000 0.000000 0.000000
184 1548065765 0.400000 -1.000000 -101.000000 0.000000 0.000000
184 1548065766 0.400000 -1.000000 -101.000000 0.000000 0.000000
184 1548065767 0.400000 -1.000000 -101.000000 0.000000 0.000000
184 1548065768 0.400000 -1.000000 -101.000000 0.000000 0.000000
184 1548065769 0.400000 -1.000000 -101.000000 0.000000 0.000000
184 1548065770 0.400000 -1.000000 -101.000000 0.000000 0.000000
184 1548065771 0.400000 -1.000000 -101.000000 0.000000 0.000000
184 1548065772 0.400000 -1.000000 -101.000000 0.000000 0.000000
184 1548065773 0.400000 -1.000000 -101.000000 0.000000 0.000000
184 1548065774 0.400000 -1.000000 -101.000000 0.000000 0.000000
189 1548065763 0.200000 -1.000000 -101.000000 0.000000 0.000000
189 1548065764 0.200000 -1.000000 -101.000000 0.000000 0.000000
189 1548065765 0.200000 -1.000000 -101.000000 0.000000 0.000000
189 1548065766 0.200000 -1.000000 -101.000000 0.000000 0.000000
189 1548065767 0.200000 -1.000000 -101.000000 0.000000 0.000000
184 1548065775 0.400000 -1.000000 -101.000000 0.000000 0.000000
184 1548065776 0.400000 -1.000000 -101.000000 0.000000 0.000000
184 1548065777 0.400000 -1.000000 -101.000000 0.000000 0.000000
189 1548065840 1.000000 -1.000000 1.000000 1.000000 0.800000
189 1548065839 1.000000 -1.000000 1.000000 1.000000 0.800000
189 1548065838 1.000000 -1.000000 1.000000 1.000000 0.800000
189 1548065837 0.600000 -1.000000 0.600000 0.600000 0.288000
189 1548065836 0.600000 -1.000000 0.600000 0.600000 0.288000
189 1548065835 0.600000 -1.000000 0.600000 0.600000 0.288000
189 1548065834 0.600000 -1.000000 0.600000 0.600000 0.288000
189 1548065833 0.600000 -1.000000 0.600000 0.600000 0.288000
189 1548065822 0.200000 -1.000000 0.200000 0.200000 0.032000
189 1548065821 0.200000 -1.000000 0.200000 0.200000 0.032000
189 1548065820 0.200000 -1.000000 0.200000 0.200000 0.032000
189 1548065819 0.200000 -1.000000 0.200000 0.200000 0.032000
189 1548065818 0.200000 -1.000000 0.200000 0.200000 0.032000
189 1548065817 0.200000 -1.000000 0.200000 0.200000 0.032000
189 1548065816 0.200000 -1.000000 0.200000 0.200000 0.032000
189 1548065815 0.200000 -1.000000 0.200000 0.200000 0.032000
189 1548065814 0.200000 -1.000000 0.200000 0.200000 0.032000
189 1548065813 0.200000 -1.000000 0.200000 0.200000 0.032000
189 1548065812 0.200000 -1.000000 0.200000 0.200000 0.032000
189 1548065811 0.200000 -1.000000 0.200000 0.200000 0.032000
189 1548065810 0.200000 -1.000000 0.200000 0.200000 0.032000
189 1548065809 0.200000 -1.000000 0.200000 0.200000 0.032000
189 1548065808 0.200000 -1.000000 0.200000 0.200000 0.032000
189 1548065807 0.200000 -1.000000 0.200000 0.200000 0.032000
189 1548065806 0.200000 -1.000000 0.200000 0.200000 0.032000
189 1548065805 0.200000 -1.000000 0.200000 0.200000 0.032000
189 1548065804 0.200000 -1.000000 0.200000 0.200000 0.032000
189 1548065803 0.200000 -1.000000 0.200000 0.200000 0.032000
189 1548065802 0.200000 -1.000000 0.200000 0.200000 0.032000
189 1548065801 0.200000 -1.000000 0.200000 0.200000 0.032000
189 1548065800 0.200000 -1.000000 0.200000 0.200000 0.032000
189 1548065799 0.200000 -1.000000 0.200000 0.200000 0.032000
189 1548065798 0.200000 -1.000000 0.200000 0.200000 0.032000
189 1548065792 0.200000 -1.000000 0.200000 0.200000 0.032000
189 1548065791 0.200000 -1.000000 0.200000 0.200000 0.032000
189 1548065790 0.200000 -1.000000 0.200000 0.200000 0.032000
189 1548065789 0.200000 -1.000000 0.200000 0.200000 0.032000
189 1548065788 0.200000 -1.000000 0.200000 0.200000 0.032000
189 1548065787 0.400000 -1.000000 0.400000 0.400000 0.128000
189 1548065786 0.400000 -1.000000 0.400000 0.400000 0.128000
189 1548065785 0.400000 -1.000000 0.400000 0.400000 0.128000
189 1548065784 0.400000 -1.000000 0.400000 0.400000 0.128000
189 1548065783 0.400000 -1.000000 0.400000 0.400000 0.128000
189 1548065782 0.800000 -1.000000 0.800000 0.800000 0.512000
189 1548065781 0.800000 -1.000000 0.800000 0.800000 0.512000
189 1548065780 0.800000 -1.000000 0.800000 0.800000 0.512000
189 1548065779 0.800000 -1.000000 0.800000 0.800000 0.512000
189 1548065778 0.800000 -1.000000 0.800000 0.800000 0.512000
184 1548065840 0.666667 -1.000000 0.666667 0.666667 0.355556
184 1548065839 0.666667 -1.000000 0.666667 0.666667 0.355556
184 1548065838 0.666667 -1.000000 0.666667 0.666667 0.355556
184 1548065837 0.800000 -1.000000 0.800000 0.800000 0.512000
184 1548065836 0.800000 -1.000000 0.800000 0.800000 0.512000
184 1548065835 0.800000 -1.000000 0.800000 0.800000 0.512000
184 1548065834 0.800000 -1.000000 0.800000 0.800000 0.512000
184 1548065833 0.800000 -1.000000 0.800000 0.800000 0.512000
184 1548065832 0.400000 -1.000000 0.400000 0.400000 0.128000
184 1548065831 0.400000 -1.000000 0.400000 0.400000 0.128000
184 1548065830 0.400000 -1.000000 0.400000 0.400000 0.128000
184 1548065829 0.400000 -1.000000 0.400000 0.400000 0.128000
184 1548065828 0.400000 -1.000000 0.400000 0.400000 0.128000
184 1548065827 0.400000 -1.000000 0.400000 0.400000 0.128000
184 1548065826 0.400000 -1.000000 0.400000 0.400000 0.128000
184 1548065825 0.400000 -1.000000 0.400000 0.400000 0.128000
184 1548065824 0.400000 -1.000000 0.400000 0.400000 0.128000
184 1548065823 0.400000 -1.000000 0.400000 0.400000 0.128000
184 1548065822 1.000000 -1.000000 1.000000 1.000000 0.800000
184 1548065821 1.000000 -1.000000 1.000000 1.000000 0.800000
184 1548065820 1.000000 -1.000000 1.000000 1.000000 0.800000
184 1548065819 1.000000 -1.000000 1.000000 1.000000 0.800000
184 1548065818 1.000000 -1.000000 1.000000 1.000000 0.800000
184 1548065817 0.800000 -1.000000 0.800000 0.800000 0.512000
184 1548065816 0.800000 -1.000000 0.800000 0.800000 0.512000
184 1548065815 0.800000 -1.000000 0.800000 0.800000 0.512000
184 1548065814 0.800000 -1.000000 0.800000 0.800000 0.512000
184 1548065813 0.800000 -1.000000 0.800000 0.800000 0.512000
184 1548065812 0.800000 -1.000000 0.800000 0.800000 0.512000
184 1548065811 0.800000 -1.000000 0.800000 0.800000 0.512000
184 1548065810 0.800000 -1.000000 0.800000 0.800000 0.512000
184 1548065809 0.800000 -1.000000 0.800000 0.800000 0.512000
184 1548065808 0.800000 -1.000000 0.800000 0.800000 0.512000
184 1548065807 0.800000 -1.000000 0.800000 0.800000 0.512000
184 1548065806 0.800000 -1.000000 0.800000 0.800000 0.512000
184 1548065805 0.800000 -1.000000 0.800000 0.800000 0.512000
184 1548065804 0.800000 -1.000000 0.800000 0.800000 0.512000
184 1548065803 0.800000 -1.000000 0.800000 0.800000 0.512000
184 1548065797 0.400000 -1.000000 0.400000 0.400000 0.128000
184 1548065796 0.400000 -1.000000 0.400000 0.400000 0.128000
184 1548065795 0.400000 -1.000000 0.400000 0.400000 0.128000
184 1548065794 0.400000 -1.000000 0.400000 0.400000 0.128000
184 1548065793 0.400000 -1.000000 0.400000 0.400000 0.128000
184 1548065792 0.200000 -1.000000 0.200000 0.200000 0.032000
184 1548065791 0.200000 -1.000000 0.200000 0.200000 0.032000
184 1548065790 0.200000 -1.000000 0.200000 0.200000 0.032000
184 1548065789 0.200000 -1.000000 0.200000 0.200000 0.032000
184 1548065788 0.200000 -1.000000 0.200000 0.200000 0.032000
184 1548065787 1.000000 -1.000000 1.000000 1.000000 0.800000
184 1548065786 1.000000 -1.000000 1.000000 1.000000 0.800000
184 1548065785 1.000000 -1.000000 1.000000 1.000000 0.800000
184 1548065784 1.000000 -1.000000 1.000000 1.000000 0.800000
184 1548065783 1.000000 -1.000000 1.000000 1.000000 0.800000
184 1548065782 0.400000 -1.000000 0.400000 0.400000 0.128000
184 1548065781 0.400000 -1.000000 0.400000 0.400000 0.128000
184 1548065780 0.400000 -1.000000 0.400000 0.400000 0.128000
184 1548065779 0.400000 -1.000000 0.400000 0.400000 0.128000
184 1548065778 0.400000 -1.000000 0.400000 0.400000 0.128000
