71 1548131362 0.600000 -1.000000 -101.000000 0.000000 0.000000
71 1548131363 0.600000 -1.000000 -101.000000 0.000000 0.000000
72 1548131362 0.200000 -1.000000 -101.000000 0.000000 0.000000
72 1548131363 0.200000 -1.000000 -101.000000 0.000000 0.000000
71 1548131364 0.600000 -1.000000 -101.000000 0.000000 0.000000
71 1548131365 0.600000 -1.000000 -101.000000 0.000000 0.000000
71 1548131366 0.600000 -1.000000 -101.000000 0.000000 0.000000
71 1548131367 0.600000 -1.000000 -101.000000 0.000000 0.000000
71 1548131368 0.600000 -1.000000 -101.000000 0.000000 0.000000
72 1548131364 0.200000 -1.000000 -101.000000 0.000000 0.000000
72 1548131365 0.200000 -1.000000 -101.000000 0.000000 0.000000
72 1548131366 0.200000 -1.000000 -101.000000 0.000000 0.000000
72 1548131367 0.600000 -1.000000 -101.000000 0.000000 0.000000
72 1548131368 0.600000 -1.000000 -101.000000 0.000000 0.000000
71 1548131369 0.600000 -1.000000 -101.000000 0.000000 0.000000
71 1548131370 0.600000 -1.000000 -101.000000 0.000000 0.000000
71 1548131371 0.600000 -1.000000 -101.000000 0.000000 0.000000
71 1548131372 0.800000 -1.000000 -101.000000 0.000000 0.000000
71 1548131373 0.800000 -1.000000 -101.000000 0.000000 0.000000
72 1548131369 0.600000 -1.000000 -101.000000 0.000000 0.000000
72 1548131370 0.600000 -1.000000 -101.000000 0.000000 0.000000
72 1548131371 0.600000 -1.000000 -101.000000 0.000000 0.000000
72 1548131372 0.400000 -1.000000 -101.000000 0.000000 0.000000
72 1548131373 0.400000 -1.000000 -101.000000 0.000000 0.000000
71 1548131374 0.800000 -1.000000 -101.000000 0.000000 0.000000
71 1548131375 0.800000 -1.000000 -101.000000 0.000000 0.000000
71 1548131376 0.800000 -1.000000 -101.000000 0.000000 0.000000
71 1548131377 0.800000 -1.000000 -101.000000 0.000000 0.000000
71 1548131378 0.800000 -1.000000 -101.000000 0.000000 0.000000
72 1548131374 0.400000 -1.000000 -101.000000 0.000000 0.000000
72 1548131375 0.400000 -1.000000 -101.000000 0.000000 0.000000
72 1548131376 0.400000 -1.000000 -101.000000 0.000000 0.000000
72 1548131377 0.400000 -1.000000 -101.000000 0.000000 0.000000
72 1548131378 0.400000 -1.000000 -101.000000 0.000000 0.000000
71 1548131379 0.800000 -1.000000 -101.000000 0.000000 0.000000
71 1548131380 0.800000 -1.000000 -101.000000 0.000000 0.000000
71 1548131381 0.800000 -1.000000 -101.000000 0.000000 0.000000
71 1548131382 1.200000 -1.000000 -101.000000 0.000000 0.000000
71 1548131383 1.200000 -1.000000 -101.000000 0.000000 0.000000
72 1548131379 0.400000 -1.000000 -101.000000 0.000000 0.000000
72 1548131380 0.400000 -1.000000 -101.000000 0.000000 0.000000
72 1548131381 0.400000 -1.000000 -101.000000 0.000000 0.000000
72 1548131382 0.800000 -1.000000 -101.000000 0.000000 0.000000
72 1548131383 0.800000 -1.000000 -101.000000 0.000000 0.000000
71 1548131384 1.200000 -1.000000 -101.000000 0.000000 0.000000
71 1548131385 1.200000 -1.000000 -101.000000 0.000000 0.000000
71 1548131386 1.200000 -1.000000 -101.000000 0.000000 0.000000
71 1548131387 1.400000 -1.000000 -101.000000 0.000000 0.000000
71 1548131388 1.400000 -1.000000 -101.000000 0.000000 0.000000
72 1548131384 0.800000 -1.000000 -101.000000 0.000000 0.000000
72 1548131385 0.800000 -1.000000 -101.000000 0.000000 0.000000
72 1548131386 0.800000 -1.000000 -101.000000 0.000000 0.000000
72 1548131387 1.000000 -1.000000 -101.000000 0.000000 0.000000
72 1548131388 1.000000 -1.000000 -101.000000 0.000000 0.000000
71 1548131389 1.400000 -1.000000 -101.000000 0.000000 0.000000
71 1548131390 1.400000 -1.000000 -101.000000 0.000000 0.000000
71 1548131391 1.400000 -1.000000 -101.000000 0.000000 0.000000
71 1548131392 1.000000 -1.000000 -101.000000 0.000000 0.000000
71 1548131393 1.000000 -1.000000 -101.000000 0.000000 0.000000
72 1548131389 1.000000 -1.000000 -101.000000 0.000000 0.000000
72 1548131390 1.000000 -1.000000 -101.000000 0.000000 0.000000
72 1548131391 1.000000 -1.000000 -101.000000 0.000000 0.000000
72 1548131392 0.600000 -1.000000 -101.000000 0.000000 0.000000
72 1548131393 0.600000 -1.000000 -101.000000 0.000000 0.000000
71 1548131394 1.000000 -1.000000 -101.000000 0.000000 0.000000
71 1548131395 1.000000 -1.000000 -101.000000 0.000000 0.000000
71 1548131396 1.000000 -1.000000 -101.000000 0.000000 0.000000
71 1548131397 1.200000 -1.000000 -101.000000 0.000000 0.000000
71 1548131398 1.200000 -1.000000 -101.000000 0.000000 0.000000
72 1548131394 0.600000 -1.000000 -101.000000 0.000000 0.000000
72 1548131395 0.600000 -1.000000 -101.000000 0.000000 0.000000
72 1548131396 0.600000 -1.000000 -101.000000 0.000000 0.000000
72 1548131397 0.800000 -1.000000 -101.000000 0.000000 0.000000
72 1548131398 0.800000 -1.000000 -101.000000 0.000000 0.000000
71 1548131399 1.200000 -1.000000 -101.000000 0.000000 0.000000
71 1548131400 1.200000 -1.000000 -101.000000 0.000000 0.000000
71 1548131401 1.200000 -1.000000 -101.000000 0.000000 0.000000
71 1548131402 1.200000 -1.000000 -101.000000 0.000000 0.000000
71 1548131403 1.200000 -1.000000 -101.000000 0.000000 0.000000
72 1548131399 0.800000 -1.000000 -101.000000 0.000000 0.000000
72 1548131400 0.800000 -1.000000 -101.000000 0.000000 0.000000
72 1548131401 0.800000 -1.000000 -101.000000 0.000000 0.000000
72 1548131402 0.800000 -1.000000 -101.000000 0.000000 0.000000
72 1548131403 0.800000 -1.000000 -101.000000 0.000000 0.000000
71 1548131404 1.200000 -1.000000 -101.000000 0.000000 0.000000
71 1548131405 1.200000 -1.000000 -101.000000 0.000000 0.000000
71 1548131406 1.200000 -1.000000 -101.000000 0.000000 0.000000
71 1548131407 1.200000 -1.000000 -101.000000 0.000000 0.000000
71 1548131408 1.200000 -1.000000 -101.000000 0.000000 0.000000
72 1548131404 0.800000 -1.000000 -101.000000 0.000000 0.000000
72 1548131405 0.800000 -1.000000 -101.000000 0.000000 0.000000
72 1548131406 0.800000 -1.000000 -101.000000 0.000000 0.000000
72 1548131407 0.800000 -1.000000 -101.000000 0.000000 0.000000
72 1548131408 0.800000 -1.000000 -101.000000 0.000000 0.000000
71 1548131409 1.200000 -1.000000 -101.000000 0.000000 0.000000
71 1548131410 1.200000 -1.000000 -101.000000 0.000000 0.000000
71 1548131411 1.200000 -1.000000 -101.000000 0.000000 0.000000
71 1548131412 1.400000 -1.000000 -101.000000 0.000000 0.000000
71 1548131413 1.400000 -1.000000 -101.000000 0.000000 0.000000
72 1548131409 0.800000 -1.000000 -101.000000 0.000000 0.000000
72 1548131410 0.800000 -1.000000 -101.000000 0.000000 0.000000
72 1548131411 0.800000 -1.000000 -101.000000 0.000000 0.000000
72 1548131412 1.000000 -1.000000 -101.000000 0.000000 0.000000
72 1548131413 1.000000 -1.000000 -101.000000 0.000000 0.000000
71 1548131414 1.400000 -1.000000 -101.000000 0.000000 0.000000
71 1548131415 1.400000 -1.000000 -101.000000 0.000000 0.000000
71 1548131416 1.400000 -1.000000 -101.000000 0.000000 0.000000
71 1548131417 0.600000 -1.000000 -101.000000 0.000000 0.000000
71 1548131418 0.600000 -1.000000 -101.000000 0.000000 0.000000
72 1548131414 1.000000 -1.000000 -101.000000 0.000000 0.000000
72 1548131415 1.000000 -1.000000 -101.000000 0.000000 0.000000
72 1548131416 1.000000 -1.000000 -101.000000 0.000000 0.000000
72 1548131417 0.200000 -1.000000 -101.000000 0.000000 0.000000
72 1548131418 0.200000 -1.000000 -101.000000 0.000000 0.000000
71 1548131419 0.600000 -1.000000 -101.000000 0.000000 0.000000
71 1548131420 0.600000 -1.000000 -101.000000 0.000000 0.000000
71 1548131421 0.600000 -1.000000 -101.000000 0.000000 0.000000
71 1548131422 1.000000 -1.000000 -101.000000 0.000000 0.000000
71 1548131423 1.000000 -1.000000 -101.000000 0.000000 0.000000
72 1548131419 0.200000 -1.000000 -101.000000 0.000000 0.000000
72 1548131420 0.200000 -1.000000 -101.000000 0.000000 0.000000
72 1548131421 0.200000 -1.000000 -101.000000 0.000000 0.000000
72 1548131422 0.600000 -1.000000 -101.000000 0.000000 0.000000
72 1548131423 0.600000 -1.000000 -101.000000 0.000000 0.000000
71 1548131424 1.000000 -1.000000 -101.000000 0.000000 0.000000
71 1548131425 1.000000 -1.000000 -101.000000 0.000000 0.000000
71 1548131426 1.000000 -1.000000 -101.000000 0.000000 0.000000
71 1548131427 1.400000 -1.000000 -101.000000 0.000000 0.000000
71 1548131428 1.400000 -1.000000 -101.000000 0.000000 0.000000
72 1548131424 0.600000 -1.000000 -101.000000 0.000000 0.000000
72 1548131425 0.600000 -1.000000 -101.000000 0.000000 0.000000
72 1548131426 0.600000 -1.000000 -101.000000 0.000000 0.000000
72 1548131427 1.000000 -1.000000 -101.000000 0.000000 0.000000
72 1548131428 1.000000 -1.000000 -101.000000 0.000000 0.000000
71 1548131429 1.400000 -1.000000 -101.000000 0.000000 0.000000
71 1548131430 1.400000 -1.000000 -101.000000 0.000000 0.000000
71 1548131431 1.400000 -1.000000 -101.000000 0.000000 0.000000
71 1548131432 1.200000 -1.000000 -101.000000 0.000000 0.000000
71 1548131433 1.200000 -1.000000 -101.000000 0.000000 0.000000
72 1548131429 1.000000 -1.000000 -101.000000 0.000000 0.000000
72 1548131430 1.000000 -1.000000 -101.000000 0.000000 0.000000
72 1548131431 1.000000 -1.000000 -101.000000 0.000000 0.000000
72 1548131432 0.800000 -1.000000 -101.000000 0.000000 0.000000
72 1548131433 0.800000 -1.000000 -101.000000 0.000000 0.000000
71 1548131434 1.200000 -1.000000 -101.000000 0.000000 0.000000
71 1548131435 1.200000 -1.000000 -101.000000 0.000000 0.000000
71 1548131436 1.200000 -1.000000 -101.000000 0.000000 0.000000
71 1548131437 1.000000 -1.000000 -101.000000 0.000000 0.000000
71 1548131438 1.000000 -1.000000 -101.000000 0.000000 0.000000
72 1548131434 0.800000 -1.000000 -101.000000 0.000000 0.000000
72 1548131435 0.800000 -1.000000 -101.000000 0.000000 0.000000
72 1548131436 0.800000 -1.000000 -101.000000 0.000000 0.000000
72 1548131437 0.600000 -1.000000 -101.000000 0.000000 0.000000
72 1548131438 0.600000 -1.000000 -101.000000 0.000000 0.000000
71 1548131439 1.000000 -1.000000 -101.000000 0.000000 0.000000
71 1548131440 1.000000 -1.000000 -101.000000 0.000000 0.000000
71 1548131441 1.000000 -1.000000 -101.000000 0.000000 0.000000
71 1548131442 1.200000 -1.000000 -101.000000 0.000000 0.000000
71 1548131443 1.200000 -1.000000 -101.000000 0.000000 0.000000
72 1548131439 0.600000 -1.000000 -101.000000 0.000000 0.000000
72 1548131440 0.600000 -1.000000 -101.000000 0.000000 0.000000
72 1548131441 0.600000 -1.000000 -101.000000 0.000000 0.000000
72 1548131442 0.800000 -1.000000 -101.000000 0.000000 0.000000
72 1548131443 0.800000 -1.000000 -101.000000 0.000000 0.000000
71 1548131444 1.200000 -1.000000 -101.000000 0.000000 0.000000
71 1548131445 1.200000 -1.000000 -101.000000 0.000000 0.000000
71 1548131446 1.200000 -1.000000 -101.000000 0.000000 0.000000
71 1548131447 1.200000 -1.000000 -101.000000 0.000000 0.000000
71 1548131448 1.200000 -1.000000 -101.000000 0.000000 0.000000
72 1548131444 0.800000 -1.000000 -101.000000 0.000000 0.000000
72 1548131445 0.800000 -1.000000 -101.000000 0.000000 0.000000
72 1548131446 0.800000 -1.000000 -101.000000 0.000000 0.000000
72 1548131447 0.800000 -1.000000 -101.000000 0.000000 0.000000
72 1548131448 0.800000 -1.000000 -101.000000 0.000000 0.000000
71 1548131449 1.200000 -1.000000 -101.000000 0.000000 0.000000
71 1548131450 1.200000 -1.000000 -101.000000 0.000000 0.000000
71 1548131451 1.200000 -1.000000 -101.000000 0.000000 0.000000
71 1548131452 1.200000 -1.000000 -101.000000 0.000000 0.000000
71 1548131453 1.200000 -1.000000 -101.000000 0.000000 0.000000
72 1548131449 0.800000 -1.000000 -101.000000 0.000000 0.000000
72 1548131450 0.800000 -1.000000 -101.000000 0.000000 0.000000
72 1548131451 0.800000 -1.000000 -101.000000 0.000000 0.000000
72 1548131452 0.800000 -1.000000 -101.000000 0.000000 0.000000
72 1548131453 0.800000 -1.000000 -101.000000 0.000000 0.000000
71 1548131454 1.200000 -1.000000 -101.000000 0.000000 0.000000
71 1548131455 1.200000 -1.000000 -101.000000 0.000000 0.000000
71 1548131456 1.200000 -1.000000 -101.000000 0.000000 0.000000
71 1548131457 1.200000 -1.000000 -101.000000 0.000000 0.000000
71 1548131458 1.200000 -1.000000 -101.000000 0.000000 0.000000
72 1548131454 0.800000 -1.000000 -101.000000 0.000000 0.000000
72 1548131455 0.800000 -1.000000 -101.000000 0.000000 0.000000
72 1548131456 0.800000 -1.000000 -101.000000 0.000000 0.000000
72 1548131457 0.800000 -1.000000 -101.000000 0.000000 0.000000
72 1548131458 0.800000 -1.000000 -101.000000 0.000000 0.000000
71 1548131459 1.200000 -1.000000 -101.000000 0.000000 0.000000
71 1548131460 1.200000 -1.000000 -101.000000 0.000000 0.000000
71 1548131461 1.200000 -1.000000 -101.000000 0.000000 0.000000
71 1548131462 1.400000 -1.000000 -101.000000 0.000000 0.000000
71 1548131463 1.400000 -1.000000 -101.000000 0.000000 0.000000
72 1548131459 0.800000 -1.000000 -101.000000 0.000000 0.000000
72 1548131460 0.800000 -1.000000 -101.000000 0.000000 0.000000
72 1548131461 0.800000 -1.000000 -101.000000 0.000000 0.000000
72 1548131462 1.000000 -1.000000 -101.000000 0.000000 0.000000
72 1548131463 1.000000 -1.000000 -101.000000 0.000000 0.000000
71 1548131464 1.400000 -1.000000 -101.000000 0.000000 0.000000
71 1548131465 1.400000 -1.000000 -101.000000 0.000000 0.000000
71 1548131466 1.400000 -1.000000 -101.000000 0.000000 0.000000
71 1548131467 1.400000 -1.000000 -101.000000 0.000000 0.000000
71 1548131468 1.400000 -1.000000 -101.000000 0.000000 0.000000
71 1548131469 1.400000 -1.000000 -101.000000 0.000000 0.000000
71 1548131470 1.400000 -1.000000 -101.000000 0.000000 0.000000
71 1548131471 1.400000 -1.000000 -101.000000 0.000000 0.000000
71 1548131472 1.000000 -1.000000 -101.000000 0.000000 0.000000
71 1548131473 1.000000 -1.000000 -101.000000 0.000000 0.000000
72 1548131464 1.000000 -1.000000 -101.000000 0.000000 0.000000
72 1548131465 1.000000 -1.000000 -101.000000 0.000000 0.000000
72 1548131466 1.000000 -1.000000 -101.000000 0.000000 0.000000
72 1548131467 1.200000 -1.000000 -101.000000 0.000000 0.000000
72 1548131468 1.200000 -1.000000 -101.000000 0.000000 0.000000
72 1548131469 1.200000 -1.000000 -101.000000 0.000000 0.000000
72 1548131470 1.200000 -1.000000 -101.000000 0.000000 0.000000
72 1548131471 1.200000 -1.000000 -101.000000 0.000000 0.000000
72 1548131472 0.600000 -1.000000 -101.000000 0.000000 0.000000
72 1548131473 0.600000 -1.000000 -101.000000 0.000000 0.000000
71 1548131474 1.000000 -1.000000 -101.000000 0.000000 0.000000
71 1548131475 1.000000 -1.000000 -101.000000 0.000000 0.000000
71 1548131476 1.000000 -1.000000 -101.000000 0.000000 0.000000
71 1548131477 1.400000 -1.000000 -101.000000 0.000000 0.000000
71 1548131478 1.400000 -1.000000 -101.000000 0.000000 0.000000
72 1548131474 0.600000 -1.000000 -101.000000 0.000000 0.000000
72 1548131475 0.600000 -1.000000 -101.000000 0.000000 0.000000
72 1548131476 0.600000 -1.000000 -101.000000 0.000000 0.000000
72 1548131477 0.800000 -1.000000 -101.000000 0.000000 0.000000
72 1548131478 0.800000 -1.000000 -101.000000 0.000000 0.000000
71 1548131479 1.400000 -1.000000 -101.000000 0.000000 0.000000
71 1548131480 1.400000 -1.000000 -101.000000 0.000000 0.000000
71 1548131481 1.400000 -1.000000 -101.000000 0.000000 0.000000
71 1548131482 1.000000 -1.000000 -101.000000 0.000000 0.000000
71 1548131483 1.000000 -1.000000 -101.000000 0.000000 0.000000
72 1548131479 0.800000 -1.000000 -101.000000 0.000000 0.000000
72 1548131480 0.800000 -1.000000 -101.000000 0.000000 0.000000
72 1548131481 0.800000 -1.000000 -101.000000 0.000000 0.000000
72 1548131482 0.600000 -1.000000 -101.000000 0.000000 0.000000
72 1548131483 0.600000 -1.000000 -101.000000 0.000000 0.000000
71 1548131484 1.000000 -1.000000 -101.000000 0.000000 0.000000
71 1548131485 1.000000 -1.000000 -101.000000 0.000000 0.000000
71 1548131486 1.000000 -1.000000 -101.000000 0.000000 0.000000
71 1548131487 1.400000 -1.000000 -101.000000 0.000000 0.000000
71 1548131488 1.400000 -1.000000 -101.000000 0.000000 0.000000
72 1548131484 0.600000 -1.000000 -101.000000 0.000000 0.000000
72 1548131485 0.600000 -1.000000 -101.000000 0.000000 0.000000
72 1548131486 0.600000 -1.000000 -101.000000 0.000000 0.000000
72 1548131487 1.000000 -1.000000 -101.000000 0.000000 0.000000
72 1548131488 1.000000 -1.000000 -101.000000 0.000000 0.000000
71 1548131489 1.400000 -1.000000 -101.000000 0.000000 0.000000
71 1548131490 1.400000 -1.000000 -101.000000 0.000000 0.000000
71 1548131491 1.400000 -1.000000 -101.000000 0.000000 0.000000
71 1548131492 1.400000 -1.000000 -101.000000 0.000000 0.000000
71 1548131493 1.400000 -1.000000 -101.000000 0.000000 0.000000
72 1548131489 1.000000 -1.000000 -101.000000 0.000000 0.000000
72 1548131490 1.000000 -1.000000 -101.000000 0.000000 0.000000
72 1548131491 1.000000 -1.000000 -101.000000 0.000000 0.000000
72 1548131492 1.000000 -1.000000 -101.000000 0.000000 0.000000
72 1548131493 1.000000 -1.000000 -101.000000 0.000000 0.000000
71 1548131494 1.400000 -1.000000 -101.000000 0.000000 0.000000
71 1548131495 1.400000 -1.000000 -101.000000 0.000000 0.000000
71 1548131496 1.400000 -1.000000 -101.000000 0.000000 0.000000
71 1548131497 1.000000 -1.000000 -101.000000 0.000000 0.000000
71 1548131498 1.000000 -1.000000 -101.000000 0.000000 0.000000
72 1548131494 1.000000 -1.000000 -101.000000 0.000000 0.000000
72 1548131495 1.000000 -1.000000 -101.000000 0.000000 0.000000
72 1548131496 1.000000 -1.000000 -101.000000 0.000000 0.000000
72 1548131497 0.800000 -1.000000 -101.000000 0.000000 0.000000
72 1548131498 0.800000 -1.000000 -101.000000 0.000000 0.000000
71 1548131499 1.000000 -1.000000 -101.000000 0.000000 0.000000
71 1548131500 1.000000 -1.000000 -101.000000 0.000000 0.000000
71 1548131501 1.000000 -1.000000 -101.000000 0.000000 0.000000
71 1548131502 1.400000 -1.000000 -101.000000 0.000000 0.000000
71 1548131503 1.400000 -1.000000 -101.000000 0.000000 0.000000
72 1548131499 0.800000 -1.000000 -101.000000 0.000000 0.000000
72 1548131500 0.800000 -1.000000 -101.000000 0.000000 0.000000
72 1548131501 0.800000 -1.000000 -101.000000 0.000000 0.000000
72 1548131502 1.000000 -1.000000 -101.000000 0.000000 0.000000
72 1548131503 1.000000 -1.000000 -101.000000 0.000000 0.000000
71 1548131504 1.400000 -1.000000 -101.000000 0.000000 0.000000
71 1548131505 1.400000 -1.000000 -101.000000 0.000000 0.000000
71 1548131506 1.400000 -1.000000 -101.000000 0.000000 0.000000
71 1548131507 1.400000 -1.000000 -101.000000 0.000000 0.000000
71 1548131508 1.400000 -1.000000 -101.000000 0.000000 0.000000
72 1548131504 1.000000 -1.000000 -101.000000 0.000000 0.000000
72 1548131505 1.000000 -1.000000 -101.000000 0.000000 0.000000
72 1548131506 1.000000 -1.000000 -101.000000 0.000000 0.000000
72 1548131507 0.800000 -1.000000 -101.000000 0.000000 0.000000
72 1548131508 0.800000 -1.000000 -101.000000 0.000000 0.000000
71 1548131509 1.400000 -1.000000 -101.000000 0.000000 0.000000
71 1548131510 1.400000 -1.000000 -101.000000 0.000000 0.000000
71 1548131511 1.400000 -1.000000 -101.000000 0.000000 0.000000
71 1548131512 0.800000 -1.000000 -101.000000 0.000000 0.000000
71 1548131513 0.800000 -1.000000 -101.000000 0.000000 0.000000
72 1548131509 0.800000 -1.000000 -101.000000 0.000000 0.000000
72 1548131510 0.800000 -1.000000 -101.000000 0.000000 0.000000
72 1548131511 0.800000 -1.000000 -101.000000 0.000000 0.000000
72 1548131512 0.400000 -1.000000 -101.000000 0.000000 0.000000
72 1548131513 0.400000 -1.000000 -101.000000 0.000000 0.000000
71 1548131514 0.800000 -1.000000 -101.000000 0.000000 0.000000
71 1548131515 0.800000 -1.000000 -101.000000 0.000000 0.000000
71 1548131516 0.800000 -1.000000 -101.000000 0.000000 0.000000
71 1548131517 1.600000 -1.000000 -101.000000 0.000000 0.000000
71 1548131518 1.600000 -1.000000 -101.000000 0.000000 0.000000
72 1548131514 0.400000 -1.000000 -101.000000 0.000000 0.000000
72 1548131515 0.400000 -1.000000 -101.000000 0.000000 0.000000
72 1548131516 0.400000 -1.000000 -101.000000 0.000000 0.000000
72 1548131517 1.200000 -1.000000 -101.000000 0.000000 0.000000
72 1548131518 1.200000 -1.000000 -101.000000 0.000000 0.000000
71 1548131519 1.600000 -1.000000 -101.000000 0.000000 0.000000
71 1548131520 1.600000 -1.000000 -101.000000 0.000000 0.000000
71 1548131521 1.600000 -1.000000 -101.000000 0.000000 0.000000
71 1548131522 1.400000 -1.000000 -101.000000 0.000000 0.000000
71 1548131523 1.400000 -1.000000 -101.000000 0.000000 0.000000
72 1548131519 1.200000 -1.000000 -101.000000 0.000000 0.000000
72 1548131520 1.200000 -1.000000 -101.000000 0.000000 0.000000
72 1548131521 1.200000 -1.000000 -101.000000 0.000000 0.000000
72 1548131522 1.000000 -1.000000 -101.000000 0.000000 0.000000
72 1548131523 1.000000 -1.000000 -101.000000 0.000000 0.000000
71 1548131524 1.400000 -1.000000 -101.000000 0.000000 0.000000
71 1548131525 1.400000 -1.000000 -101.000000 0.000000 0.000000
71 1548131526 1.400000 -1.000000 -101.000000 0.000000 0.000000
71 1548131527 0.400000 -1.000000 -101.000000 0.000000 0.000000
71 1548131528 0.400000 -1.000000 -101.000000 0.000000 0.000000
72 1548131524 1.000000 -1.000000 -101.000000 0.000000 0.000000
72 1548131525 1.000000 -1.000000 -101.000000 0.000000 0.000000
72 1548131526 1.000000 -1.000000 -101.000000 0.000000 0.000000
71 1548131529 0.400000 -1.000000 -101.000000 0.000000 0.000000
71 1548131530 0.400000 -1.000000 -101.000000 0.000000 0.000000
71 1548131531 0.400000 -1.000000 -101.000000 0.000000 0.000000
71 1548131532 1.400000 -1.000000 -101.000000 0.000000 0.000000
71 1548131533 1.400000 -1.000000 -101.000000 0.000000 0.000000
72 1548131532 1.200000 -1.000000 -101.000000 0.000000 0.000000
72 1548131533 1.200000 -1.000000 -101.000000 0.000000 0.000000
71 1548131534 1.400000 -1.000000 -101.000000 0.000000 0.000000
71 1548131535 1.400000 -1.000000 -101.000000 0.000000 0.000000
71 1548131536 1.400000 -1.000000 -101.000000 0.000000 0.000000
71 1548131537 1.600000 -1.000000 -101.000000 0.000000 0.000000
71 1548131538 1.600000 -1.000000 -101.000000 0.000000 0.000000
72 1548131534 1.200000 -1.000000 -101.000000 0.000000 0.000000
72 1548131535 1.200000 -1.000000 -101.000000 0.000000 0.000000
72 1548131536 1.200000 -1.000000 -101.000000 0.000000 0.000000
72 1548131537 1.000000 -1.000000 -101.000000 0.000000 0.000000
72 1548131538 1.000000 -1.000000 -101.000000 0.000000 0.000000
71 1548131539 1.600000 -1.000000 -101.000000 0.000000 0.000000
71 1548131540 1.600000 -1.000000 -101.000000 0.000000 0.000000
71 1548131541 1.600000 -1.000000 -101.000000 0.000000 0.000000
71 1548131542 1.200000 -1.000000 -101.000000 0.000000 0.000000
71 1548131543 1.200000 -1.000000 -101.000000 0.000000 0.000000
72 1548131539 1.000000 -1.000000 -101.000000 0.000000 0.000000
72 1548131540 1.000000 -1.000000 -101.000000 0.000000 0.000000
72 1548131541 1.000000 -1.000000 -101.000000 0.000000 0.000000
72 1548131542 0.800000 -1.000000 -101.000000 0.000000 0.000000
72 1548131543 0.800000 -1.000000 -101.000000 0.000000 0.000000
71 1548131544 1.200000 -1.000000 -101.000000 0.000000 0.000000
71 1548131545 1.200000 -1.000000 -101.000000 0.000000 0.000000
71 1548131546 1.200000 -1.000000 -101.000000 0.000000 0.000000
71 1548131547 1.200000 -1.000000 -101.000000 0.000000 0.000000
71 1548131548 1.200000 -1.000000 -101.000000 0.000000 0.000000
72 1548131544 0.800000 -1.000000 -101.000000 0.000000 0.000000
72 1548131545 0.800000 -1.000000 -101.000000 0.000000 0.000000
72 1548131546 0.800000 -1.000000 -101.000000 0.000000 0.000000
72 1548131547 0.800000 -1.000000 -101.000000 0.000000 0.000000
72 1548131548 0.800000 -1.000000 -101.000000 0.000000 0.000000
71 1548131549 1.200000 -1.000000 -101.000000 0.000000 0.000000
71 1548131550 1.200000 -1.000000 -101.000000 0.000000 0.000000
71 1548131551 1.200000 -1.000000 -101.000000 0.000000 0.000000
71 1548131552 1.000000 -1.000000 -101.000000 0.000000 0.000000
71 1548131553 1.000000 -1.000000 -101.000000 0.000000 0.000000
72 1548131549 0.800000 -1.000000 -101.000000 0.000000 0.000000
72 1548131550 0.800000 -1.000000 -101.000000 0.000000 0.000000
72 1548131551 0.800000 -1.000000 -101.000000 0.000000 0.000000
72 1548131552 0.800000 -1.000000 -101.000000 0.000000 0.000000
72 1548131553 0.800000 -1.000000 -101.000000 0.000000 0.000000
71 1548131554 1.000000 -1.000000 -101.000000 0.000000 0.000000
71 1548131555 1.000000 -1.000000 -101.000000 0.000000 0.000000
71 1548131556 1.000000 -1.000000 -101.000000 0.000000 0.000000
71 1548131557 1.400000 -1.000000 -101.000000 0.000000 0.000000
71 1548131558 1.400000 -1.000000 -101.000000 0.000000 0.000000
72 1548131554 0.800000 -1.000000 -101.000000 0.000000 0.000000
72 1548131555 0.800000 -1.000000 -101.000000 0.000000 0.000000
72 1548131556 0.800000 -1.000000 -101.000000 0.000000 0.000000
72 1548131557 0.800000 -1.000000 -101.000000 0.000000 0.000000
72 1548131558 0.800000 -1.000000 -101.000000 0.000000 0.000000
71 1548131559 1.400000 -1.000000 -101.000000 0.000000 0.000000
71 1548131560 1.400000 -1.000000 -101.000000 0.000000 0.000000
71 1548131561 1.400000 -1.000000 -101.000000 0.000000 0.000000
71 1548131562 1.200000 -1.000000 -101.000000 0.000000 0.000000
71 1548131563 1.200000 -1.000000 -101.000000 0.000000 0.000000
72 1548131559 0.800000 -1.000000 -101.000000 0.000000 0.000000
72 1548131560 0.800000 -1.000000 -101.000000 0.000000 0.000000
72 1548131561 0.800000 -1.000000 -101.000000 0.000000 0.000000
72 1548131562 0.800000 -1.000000 -101.000000 0.000000 0.000000
72 1548131563 0.800000 -1.000000 -101.000000 0.000000 0.000000
71 1548131564 1.200000 -1.000000 -101.000000 0.000000 0.000000
71 1548131565 1.200000 -1.000000 -101.000000 0.000000 0.000000
71 1548131566 1.200000 -1.000000 -101.000000 0.000000 0.000000
71 1548131567 1.200000 -1.000000 -101.000000 0.000000 0.000000
71 1548131568 1.200000 -1.000000 -101.000000 0.000000 0.000000
72 1548131564 0.800000 -1.000000 -101.000000 0.000000 0.000000
72 1548131565 0.800000 -1.000000 -101.000000 0.000000 0.000000
72 1548131566 0.800000 -1.000000 -101.000000 0.000000 0.000000
72 1548131567 1.000000 -1.000000 -101.000000 0.000000 0.000000
72 1548131568 1.000000 -1.000000 -101.000000 0.000000 0.000000
71 1548131569 1.200000 -1.000000 -101.000000 0.000000 0.000000
71 1548131570 1.200000 -1.000000 -101.000000 0.000000 0.000000
71 1548131571 1.200000 -1.000000 -101.000000 0.000000 0.000000
71 1548131572 1.800000 -1.000000 -101.000000 0.000000 0.000000
71 1548131573 1.800000 -1.000000 -101.000000 0.000000 0.000000
72 1548131569 1.000000 -1.000000 -101.000000 0.000000 0.000000
72 1548131570 1.000000 -1.000000 -101.000000 0.000000 0.000000
72 1548131571 1.000000 -1.000000 -101.000000 0.000000 0.000000
72 1548131572 1.600000 -1.000000 -101.000000 0.000000 0.000000
72 1548131573 1.600000 -1.000000 -101.000000 0.000000 0.000000
71 1548131574 1.800000 -1.000000 -101.000000 0.000000 0.000000
71 1548131575 1.800000 -1.000000 -101.000000 0.000000 0.000000
71 1548131576 1.800000 -1.000000 -101.000000 0.000000 0.000000
71 1548131577 1.600000 -1.000000 -101.000000 0.000000 0.000000
71 1548131578 1.600000 -1.000000 -101.000000 0.000000 0.000000
72 1548131574 1.600000 -1.000000 -101.000000 0.000000 0.000000
72 1548131575 1.600000 -1.000000 -101.000000 0.000000 0.000000
72 1548131576 1.600000 -1.000000 -101.000000 0.000000 0.000000
72 1548131577 0.800000 -1.000000 -101.000000 0.000000 0.000000
72 1548131578 0.800000 -1.000000 -101.000000 0.000000 0.000000
71 1548131579 1.600000 -1.000000 -101.000000 0.000000 0.000000
71 1548131580 1.600000 -1.000000 -101.000000 0.000000 0.000000
71 1548131581 1.600000 -1.000000 -101.000000 0.000000 0.000000
71 1548131582 1.200000 -1.000000 -101.000000 0.000000 0.000000
71 1548131583 1.200000 -1.000000 -101.000000 0.000000 0.000000
72 1548131579 0.800000 -1.000000 -101.000000 0.000000 0.000000
72 1548131580 0.800000 -1.000000 -101.000000 0.000000 0.000000
72 1548131581 0.800000 -1.000000 -101.000000 0.000000 0.000000
72 1548131582 0.800000 -1.000000 -101.000000 0.000000 0.000000
72 1548131583 0.800000 -1.000000 -101.000000 0.000000 0.000000
71 1548131584 1.200000 -1.000000 -101.000000 0.000000 0.000000
71 1548131585 1.200000 -1.000000 -101.000000 0.000000 0.000000
71 1548131586 1.200000 -1.000000 -101.000000 0.000000 0.000000
71 1548131587 1.000000 -1.000000 -101.000000 0.000000 0.000000
71 1548131588 1.000000 -1.000000 -101.000000 0.000000 0.000000
72 1548131584 0.800000 -1.000000 -101.000000 0.000000 0.000000
72 1548131585 0.800000 -1.000000 -101.000000 0.000000 0.000000
72 1548131586 0.800000 -1.000000 -101.000000 0.000000 0.000000
72 1548131587 0.800000 -1.000000 -101.000000 0.000000 0.000000
72 1548131588 0.800000 -1.000000 -101.000000 0.000000 0.000000
71 1548131589 1.000000 -1.000000 -101.000000 0.000000 0.000000
71 1548131590 1.000000 -1.000000 -101.000000 0.000000 0.000000
71 1548131591 1.000000 -1.000000 -101.000000 0.000000 0.000000
71 1548131592 2.200000 -1.000000 -101.000000 0.000000 0.000000
71 1548131593 2.200000 -1.000000 -101.000000 0.000000 0.000000
72 1548131589 0.800000 -1.000000 -101.000000 0.000000 0.000000
72 1548131590 0.800000 -1.000000 -101.000000 0.000000 0.000000
72 1548131591 0.800000 -1.000000 -101.000000 0.000000 0.000000
72 1548131592 1.600000 -1.000000 -101.000000 0.000000 0.000000
72 1548131593 1.600000 -1.000000 -101.000000 0.000000 0.000000
71 1548131594 2.200000 -1.000000 -101.000000 0.000000 0.000000
71 1548131595 2.200000 -1.000000 -101.000000 0.000000 0.000000
71 1548131596 2.200000 -1.000000 -101.000000 0.000000 0.000000
71 1548131597 1.200000 -1.000000 -101.000000 0.000000 0.000000
71 1548131598 1.200000 -1.000000 -101.000000 0.000000 0.000000
72 1548131594 1.600000 -1.000000 -101.000000 0.000000 0.000000
72 1548131595 1.600000 -1.000000 -101.000000 0.000000 0.000000
72 1548131596 1.600000 -1.000000 -101.000000 0.000000 0.000000
72 1548131597 1.000000 -1.000000 -101.000000 0.000000 0.000000
72 1548131598 1.000000 -1.000000 -101.000000 0.000000 0.000000
71 1548131599 1.200000 -1.000000 -101.000000 0.000000 0.000000
71 1548131600 1.200000 -1.000000 -101.000000 0.000000 0.000000
71 1548131601 1.200000 -1.000000 -101.000000 0.000000 0.000000
71 1548131602 1.600000 -1.000000 -101.000000 0.000000 0.000000
71 1548131603 1.600000 -1.000000 -101.000000 0.000000 0.000000
72 1548131599 1.000000 -1.000000 -101.000000 0.000000 0.000000
72 1548131600 1.000000 -1.000000 -101.000000 0.000000 0.000000
72 1548131601 1.000000 -1.000000 -101.000000 0.000000 0.000000
72 1548131602 1.000000 -1.000000 -101.000000 0.000000 0.000000
72 1548131603 1.000000 -1.000000 -101.000000 0.000000 0.000000
71 1548131604 1.600000 -1.000000 -101.000000 0.000000 0.000000
71 1548131605 1.600000 -1.000000 -101.000000 0.000000 0.000000
71 1548131606 1.600000 -1.000000 -101.000000 0.000000 0.000000
71 1548131607 0.800000 -1.000000 -101.000000 0.000000 0.000000
71 1548131608 0.800000 -1.000000 -101.000000 0.000000 0.000000
72 1548131604 1.000000 -1.000000 -101.000000 0.000000 0.000000
72 1548131605 1.000000 -1.000000 -101.000000 0.000000 0.000000
72 1548131606 1.000000 -1.000000 -101.000000 0.000000 0.000000
72 1548131607 0.600000 -1.000000 -101.000000 0.000000 0.000000
72 1548131608 0.600000 -1.000000 -101.000000 0.000000 0.000000
71 1548131609 0.800000 -1.000000 -101.000000 0.000000 0.000000
71 1548131610 0.800000 -1.000000 -101.000000 0.000000 0.000000
71 1548131611 0.800000 -1.000000 -101.000000 0.000000 0.000000
71 1548131612 1.200000 -1.000000 -101.000000 0.000000 0.000000
71 1548131613 1.200000 -1.000000 -101.000000 0.000000 0.000000
72 1548131609 0.600000 -1.000000 -101.000000 0.000000 0.000000
72 1548131610 0.600000 -1.000000 -101.000000 0.000000 0.000000
72 1548131611 0.600000 -1.000000 -101.000000 0.000000 0.000000
72 1548131612 0.600000 -1.000000 -101.000000 0.000000 0.000000
72 1548131613 0.600000 -1.000000 -101.000000 0.000000 0.000000
71 1548131614 1.200000 -1.000000 -101.000000 0.000000 0.000000
71 1548131615 1.200000 -1.000000 -101.000000 0.000000 0.000000
71 1548131616 1.200000 -1.000000 -101.000000 0.000000 0.000000
71 1548131617 0.800000 -1.000000 -101.000000 0.000000 0.000000
71 1548131618 0.800000 -1.000000 -101.000000 0.000000 0.000000
72 1548131614 0.600000 -1.000000 -101.000000 0.000000 0.000000
72 1548131615 0.600000 -1.000000 -101.000000 0.000000 0.000000
72 1548131616 0.600000 -1.000000 -101.000000 0.000000 0.000000
72 1548131617 1.000000 -1.000000 -101.000000 0.000000 0.000000
72 1548131618 1.000000 -1.000000 -101.000000 0.000000 0.000000
71 1548131619 0.800000 -1.000000 -101.000000 0.000000 0.000000
71 1548131620 0.800000 -1.000000 -101.000000 0.000000 0.000000
71 1548131621 0.800000 -1.000000 -101.000000 0.000000 0.000000
71 1548131622 1.200000 -1.000000 -101.000000 0.000000 0.000000
71 1548131623 1.200000 -1.000000 -101.000000 0.000000 0.000000
72 1548131619 1.000000 -1.000000 -101.000000 0.000000 0.000000
72 1548131620 1.000000 -1.000000 -101.000000 0.000000 0.000000
72 1548131621 1.000000 -1.000000 -101.000000 0.000000 0.000000
72 1548131622 1.400000 -1.000000 -101.000000 0.000000 0.000000
72 1548131623 1.400000 -1.000000 -101.000000 0.000000 0.000000
71 1548131624 1.200000 -1.000000 -101.000000 0.000000 0.000000
71 1548131625 1.200000 -1.000000 -101.000000 0.000000 0.000000
71 1548131626 1.200000 -1.000000 -101.000000 0.000000 0.000000
71 1548131627 1.200000 -1.000000 -101.000000 0.000000 0.000000
71 1548131628 1.200000 -1.000000 -101.000000 0.000000 0.000000
72 1548131624 1.400000 -1.000000 -101.000000 0.000000 0.000000
72 1548131625 1.400000 -1.000000 -101.000000 0.000000 0.000000
72 1548131626 1.400000 -1.000000 -101.000000 0.000000 0.000000
72 1548131627 0.800000 -1.000000 -101.000000 0.000000 0.000000
72 1548131628 0.800000 -1.000000 -101.000000 0.000000 0.000000
71 1548131629 1.200000 -1.000000 -101.000000 0.000000 0.000000
71 1548131630 1.200000 -1.000000 -101.000000 0.000000 0.000000
71 1548131631 1.200000 -1.000000 -101.000000 0.000000 0.000000
71 1548131632 1.000000 -1.000000 -101.000000 0.000000 0.000000
71 1548131633 1.000000 -1.000000 -101.000000 0.000000 0.000000
72 1548131629 0.800000 -1.000000 -101.000000 0.000000 0.000000
72 1548131630 0.800000 -1.000000 -101.000000 0.000000 0.000000
72 1548131631 0.800000 -1.000000 -101.000000 0.000000 0.000000
72 1548131632 1.200000 -1.000000 -101.000000 0.000000 0.000000
72 1548131633 1.200000 -1.000000 -101.000000 0.000000 0.000000
71 1548131634 1.000000 -1.000000 -101.000000 0.000000 0.000000
71 1548131635 1.000000 -1.000000 -101.000000 0.000000 0.000000
71 1548131636 1.000000 -1.000000 -101.000000 0.000000 0.000000
71 1548131637 1.200000 -1.000000 -101.000000 0.000000 0.000000
71 1548131638 1.200000 -1.000000 -101.000000 0.000000 0.000000
72 1548131634 1.200000 -1.000000 -101.000000 0.000000 0.000000
72 1548131635 1.200000 -1.000000 -101.000000 0.000000 0.000000
72 1548131636 1.200000 -1.000000 -101.000000 0.000000 0.000000
72 1548131637 1.000000 -1.000000 -101.000000 0.000000 0.000000
72 1548131638 1.000000 -1.000000 -101.000000 0.000000 0.000000
71 1548131639 1.200000 -1.000000 -101.000000 0.000000 0.000000
71 1548131640 1.200000 -1.000000 -101.000000 0.000000 0.000000
71 1548131641 1.200000 -1.000000 -101.000000 0.000000 0.000000
71 1548131642 0.600000 -1.000000 -101.000000 0.000000 0.000000
71 1548131643 0.600000 -1.000000 -101.000000 0.000000 0.000000
72 1548131639 1.000000 -1.000000 -101.000000 0.000000 0.000000
72 1548131640 1.000000 -1.000000 -101.000000 0.000000 0.000000
72 1548131641 1.000000 -1.000000 -101.000000 0.000000 0.000000
72 1548131642 0.600000 -1.000000 -101.000000 0.000000 0.000000
72 1548131643 0.600000 -1.000000 -101.000000 0.000000 0.000000
71 1548131644 0.600000 -1.000000 -101.000000 0.000000 0.000000
71 1548131645 0.600000 -1.000000 -101.000000 0.000000 0.000000
71 1548131646 0.600000 -1.000000 -101.000000 0.000000 0.000000
71 1548131647 1.400000 -1.000000 -101.000000 0.000000 0.000000
71 1548131648 1.400000 -1.000000 -101.000000 0.000000 0.000000
72 1548131644 0.600000 -1.000000 -101.000000 0.000000 0.000000
72 1548131645 0.600000 -1.000000 -101.000000 0.000000 0.000000
72 1548131646 0.600000 -1.000000 -101.000000 0.000000 0.000000
72 1548131647 1.600000 -1.000000 -101.000000 0.000000 0.000000
72 1548131648 1.600000 -1.000000 -101.000000 0.000000 0.000000
71 1548131649 1.400000 -1.000000 -101.000000 0.000000 0.000000
71 1548131650 1.400000 -1.000000 -101.000000 0.000000 0.000000
71 1548131651 1.400000 -1.000000 -101.000000 0.000000 0.000000
71 1548131652 1.200000 -1.000000 -101.000000 0.000000 0.000000
71 1548131653 1.200000 -1.000000 -101.000000 0.000000 0.000000
72 1548131649 1.600000 -1.000000 -101.000000 0.000000 0.000000
72 1548131650 1.600000 -1.000000 -101.000000 0.000000 0.000000
72 1548131651 1.600000 -1.000000 -101.000000 0.000000 0.000000
72 1548131652 1.000000 -1.000000 -101.000000 0.000000 0.000000
72 1548131653 1.000000 -1.000000 -101.000000 0.000000 0.000000
71 1548131654 1.200000 -1.000000 -101.000000 0.000000 0.000000
71 1548131655 1.200000 -1.000000 -101.000000 0.000000 0.000000
71 1548131656 1.200000 -1.000000 -101.000000 0.000000 0.000000
71 1548131657 1.000000 -1.000000 -101.000000 0.000000 0.000000
71 1548131658 1.000000 -1.000000 -101.000000 0.000000 0.000000
72 1548131654 1.000000 -1.000000 -101.000000 0.000000 0.000000
72 1548131655 1.000000 -1.000000 -101.000000 0.000000 0.000000
72 1548131656 1.000000 -1.000000 -101.000000 0.000000 0.000000
72 1548131657 1.600000 -1.000000 -101.000000 0.000000 0.000000
72 1548131658 1.600000 -1.000000 -101.000000 0.000000 0.000000
71 1548131659 1.000000 -1.000000 -101.000000 0.000000 0.000000
71 1548131660 1.000000 -1.000000 -101.000000 0.000000 0.000000
71 1548131661 1.000000 -1.000000 -101.000000 0.000000 0.000000
71 1548131662 1.800000 -1.000000 -101.000000 0.000000 0.000000
71 1548131663 1.800000 -1.000000 -101.000000 0.000000 0.000000
72 1548131659 1.600000 -1.000000 -101.000000 0.000000 0.000000
72 1548131660 1.600000 -1.000000 -101.000000 0.000000 0.000000
72 1548131661 1.600000 -1.000000 -101.000000 0.000000 0.000000
72 1548131662 1.200000 -1.000000 -101.000000 0.000000 0.000000
72 1548131663 1.200000 -1.000000 -101.000000 0.000000 0.000000
71 1548131664 1.800000 -1.000000 -101.000000 0.000000 0.000000
71 1548131665 1.800000 -1.000000 -101.000000 0.000000 0.000000
71 1548131666 1.800000 -1.000000 -101.000000 0.000000 0.000000
71 1548131667 0.200000 -1.000000 -101.000000 0.000000 0.000000
71 1548131668 0.200000 -1.000000 -101.000000 0.000000 0.000000
72 1548131664 1.200000 -1.000000 -101.000000 0.000000 0.000000
72 1548131665 1.200000 -1.000000 -101.000000 0.000000 0.000000
72 1548131666 1.200000 -1.000000 -101.000000 0.000000 0.000000
72 1548131667 0.400000 -1.000000 -101.000000 0.000000 0.000000
72 1548131668 0.400000 -1.000000 -101.000000 0.000000 0.000000
71 1548131669 0.200000 -1.000000 -101.000000 0.000000 0.000000
71 1548131670 0.200000 -1.000000 -101.000000 0.000000 0.000000
71 1548131671 0.200000 -1.000000 -101.000000 0.000000 0.000000
71 1548131672 1.400000 -1.000000 -101.000000 0.000000 0.000000
71 1548131673 1.400000 -1.000000 -101.000000 0.000000 0.000000
72 1548131669 0.400000 -1.000000 -101.000000 0.000000 0.000000
72 1548131670 0.400000 -1.000000 -101.000000 0.000000 0.000000
72 1548131671 0.400000 -1.000000 -101.000000 0.000000 0.000000
72 1548131672 1.200000 -1.000000 -101.000000 0.000000 0.000000
72 1548131673 1.200000 -1.000000 -101.000000 0.000000 0.000000
71 1548131674 1.400000 -1.000000 -101.000000 0.000000 0.000000
71 1548131675 1.400000 -1.000000 -101.000000 0.000000 0.000000
71 1548131676 1.400000 -1.000000 -101.000000 0.000000 0.000000
71 1548131677 0.600000 -1.000000 -101.000000 0.000000 0.000000
71 1548131678 0.600000 -1.000000 -101.000000 0.000000 0.000000
72 1548131674 1.200000 -1.000000 -101.000000 0.000000 0.000000
72 1548131675 1.200000 -1.000000 -101.000000 0.000000 0.000000
72 1548131676 1.200000 -1.000000 -101.000000 0.000000 0.000000
72 1548131677 0.600000 -1.000000 -101.000000 0.000000 0.000000
72 1548131678 0.600000 -1.000000 -101.000000 0.000000 0.000000
71 1548131679 0.600000 -1.000000 -101.000000 0.000000 0.000000
71 1548131680 0.600000 -1.000000 -101.000000 0.000000 0.000000
71 1548131681 0.600000 -1.000000 -101.000000 0.000000 0.000000
71 1548131682 0.800000 -1.000000 -101.000000 0.000000 0.000000
71 1548131683 0.800000 -1.000000 -101.000000 0.000000 0.000000
72 1548131679 0.600000 -1.000000 -101.000000 0.000000 0.000000
72 1548131680 0.600000 -1.000000 -101.000000 0.000000 0.000000
72 1548131681 0.600000 -1.000000 -101.000000 0.000000 0.000000
72 1548131682 0.800000 -1.000000 -101.000000 0.000000 0.000000
72 1548131683 0.800000 -1.000000 -101.000000 0.000000 0.000000
71 1548131684 0.800000 -1.000000 -101.000000 0.000000 0.000000
71 1548131685 0.800000 -1.000000 -101.000000 0.000000 0.000000
71 1548131686 0.800000 -1.000000 -101.000000 0.000000 0.000000
71 1548131687 1.000000 -1.000000 -101.000000 0.000000 0.000000
71 1548131688 1.000000 -1.000000 -101.000000 0.000000 0.000000
72 1548131684 0.800000 -1.000000 -101.000000 0.000000 0.000000
72 1548131685 0.800000 -1.000000 -101.000000 0.000000 0.000000
72 1548131686 0.800000 -1.000000 -101.000000 0.000000 0.000000
72 1548131687 1.000000 -1.000000 -101.000000 0.000000 0.000000
72 1548131688 1.000000 -1.000000 -101.000000 0.000000 0.000000
71 1548131689 1.000000 -1.000000 -101.000000 0.000000 0.000000
71 1548131690 1.000000 -1.000000 -101.000000 0.000000 0.000000
71 1548131691 1.000000 -1.000000 -101.000000 0.000000 0.000000
71 1548131692 1.200000 -1.000000 -101.000000 0.000000 0.000000
71 1548131693 1.200000 -1.000000 -101.000000 0.000000 0.000000
72 1548131689 1.000000 -1.000000 -101.000000 0.000000 0.000000
72 1548131690 1.000000 -1.000000 -101.000000 0.000000 0.000000
72 1548131691 1.000000 -1.000000 -101.000000 0.000000 0.000000
72 1548131692 1.400000 -1.000000 -101.000000 0.000000 0.000000
72 1548131693 1.400000 -1.000000 -101.000000 0.000000 0.000000
71 1548131694 1.200000 -1.000000 -101.000000 0.000000 0.000000
71 1548131695 1.200000 -1.000000 -101.000000 0.000000 0.000000
71 1548131696 1.200000 -1.000000 -101.000000 0.000000 0.000000
71 1548131697 1.400000 -1.000000 -101.000000 0.000000 0.000000
71 1548131698 1.400000 -1.000000 -101.000000 0.000000 0.000000
72 1548131694 1.400000 -1.000000 -101.000000 0.000000 0.000000
72 1548131695 1.400000 -1.000000 -101.000000 0.000000 0.000000
72 1548131696 1.400000 -1.000000 -101.000000 0.000000 0.000000
72 1548131697 1.600000 -1.000000 -101.000000 0.000000 0.000000
72 1548131698 1.600000 -1.000000 -101.000000 0.000000 0.000000
71 1548131699 1.400000 -1.000000 -101.000000 0.000000 0.000000
71 1548131700 1.400000 -1.000000 -101.000000 0.000000 0.000000
71 1548131701 1.400000 -1.000000 -101.000000 0.000000 0.000000
71 1548131702 1.400000 -1.000000 -101.000000 0.000000 0.000000
71 1548131703 1.400000 -1.000000 -101.000000 0.000000 0.000000
72 1548131699 1.600000 -1.000000 -101.000000 0.000000 0.000000
72 1548131700 1.600000 -1.000000 -101.000000 0.000000 0.000000
72 1548131701 1.600000 -1.000000 -101.000000 0.000000 0.000000
72 1548131702 1.000000 -1.000000 -101.000000 0.000000 0.000000
72 1548131703 1.000000 -1.000000 -101.000000 0.000000 0.000000
71 1548131704 1.400000 -1.000000 -101.000000 0.000000 0.000000
71 1548131705 1.400000 -1.000000 -101.000000 0.000000 0.000000
71 1548131706 1.400000 -1.000000 -101.000000 0.000000 0.000000
71 1548131707 1.000000 -1.000000 -101.000000 0.000000 0.000000
71 1548131708 1.000000 -1.000000 -101.000000 0.000000 0.000000
72 1548131704 1.000000 -1.000000 -101.000000 0.000000 0.000000
72 1548131705 1.000000 -1.000000 -101.000000 0.000000 0.000000
72 1548131706 1.000000 -1.000000 -101.000000 0.000000 0.000000
72 1548131707 1.800000 -1.000000 -101.000000 0.000000 0.000000
72 1548131708 1.800000 -1.000000 -101.000000 0.000000 0.000000
71 1548131709 1.000000 -1.000000 -101.000000 0.000000 0.000000
71 1548131710 1.000000 -1.000000 -101.000000 0.000000 0.000000
71 1548131711 1.000000 -1.000000 -101.000000 0.000000 0.000000
71 1548131712 1.400000 -1.000000 -101.000000 0.000000 0.000000
71 1548131713 1.400000 -1.000000 -101.000000 0.000000 0.000000
72 1548131709 1.800000 -1.000000 -101.000000 0.000000 0.000000
72 1548131710 1.800000 -1.000000 -101.000000 0.000000 0.000000
72 1548131711 1.800000 -1.000000 -101.000000 0.000000 0.000000
72 1548131712 0.800000 -1.000000 -101.000000 0.000000 0.000000
72 1548131713 0.800000 -1.000000 -101.000000 0.000000 0.000000
71 1548131714 1.400000 -1.000000 -101.000000 0.000000 0.000000
71 1548131715 1.400000 -1.000000 -101.000000 0.000000 0.000000
71 1548131716 1.400000 -1.000000 -101.000000 0.000000 0.000000
71 1548131717 0.800000 -1.000000 -101.000000 0.000000 0.000000
71 1548131718 0.800000 -1.000000 -101.000000 0.000000 0.000000
72 1548131714 0.800000 -1.000000 -101.000000 0.000000 0.000000
72 1548131715 0.800000 -1.000000 -101.000000 0.000000 0.000000
72 1548131716 0.800000 -1.000000 -101.000000 0.000000 0.000000
72 1548131717 1.000000 -1.000000 -101.000000 0.000000 0.000000
72 1548131718 1.000000 -1.000000 -101.000000 0.000000 0.000000
71 1548131719 0.800000 -1.000000 -101.000000 0.000000 0.000000
71 1548131720 0.800000 -1.000000 -101.000000 0.000000 0.000000
71 1548131721 0.800000 -1.000000 -101.000000 0.000000 0.000000
71 1548131722 1.000000 -1.000000 -101.000000 0.000000 0.000000
71 1548131723 1.000000 -1.000000 -101.000000 0.000000 0.000000
72 1548131719 1.000000 -1.000000 -101.000000 0.000000 0.000000
72 1548131720 1.000000 -1.000000 -101.000000 0.000000 0.000000
72 1548131721 1.000000 -1.000000 -101.000000 0.000000 0.000000
72 1548131722 0.600000 -1.000000 -101.000000 0.000000 0.000000
72 1548131723 0.600000 -1.000000 -101.000000 0.000000 0.000000
71 1548131724 1.000000 -1.000000 -101.000000 0.000000 0.000000
71 1548131725 1.000000 -1.000000 -101.000000 0.000000 0.000000
71 1548131726 1.000000 -1.000000 -101.000000 0.000000 0.000000
71 1548131727 0.400000 -1.000000 -101.000000 0.000000 0.000000
71 1548131728 0.400000 -1.000000 -101.000000 0.000000 0.000000
72 1548131724 0.600000 -1.000000 -101.000000 0.000000 0.000000
72 1548131725 0.600000 -1.000000 -101.000000 0.000000 0.000000
72 1548131726 0.600000 -1.000000 -101.000000 0.000000 0.000000
72 1548131727 0.400000 -1.000000 -101.000000 0.000000 0.000000
72 1548131728 0.400000 -1.000000 -101.000000 0.000000 0.000000
71 1548131729 0.400000 -1.000000 -101.000000 0.000000 0.000000
71 1548131730 0.400000 -1.000000 -101.000000 0.000000 0.000000
71 1548131731 0.400000 -1.000000 -101.000000 0.000000 0.000000
71 1548131732 1.600000 -1.000000 -101.000000 0.000000 0.000000
71 1548131733 1.600000 -1.000000 -101.000000 0.000000 0.000000
72 1548131729 0.400000 -1.000000 -101.000000 0.000000 0.000000
72 1548131730 0.400000 -1.000000 -101.000000 0.000000 0.000000
72 1548131731 0.400000 -1.000000 -101.000000 0.000000 0.000000
72 1548131732 1.600000 -1.000000 -101.000000 0.000000 0.000000
72 1548131733 1.600000 -1.000000 -101.000000 0.000000 0.000000
71 1548131734 1.600000 -1.000000 -101.000000 0.000000 0.000000
71 1548131735 1.600000 -1.000000 -101.000000 0.000000 0.000000
71 1548131736 1.600000 -1.000000 -101.000000 0.000000 0.000000
71 1548131737 1.000000 -1.000000 -101.000000 0.000000 0.000000
71 1548131738 1.000000 -1.000000 -101.000000 0.000000 0.000000
72 1548131734 1.600000 -1.000000 -101.000000 0.000000 0.000000
72 1548131735 1.600000 -1.000000 -101.000000 0.000000 0.000000
72 1548131736 1.600000 -1.000000 -101.000000 0.000000 0.000000
72 1548131737 1.400000 -1.000000 -101.000000 0.000000 0.000000
72 1548131738 1.400000 -1.000000 -101.000000 0.000000 0.000000
71 1548131739 1.000000 -1.000000 -101.000000 0.000000 0.000000
71 1548131740 1.000000 -1.000000 -101.000000 0.000000 0.000000
71 1548131741 1.000000 -1.000000 -101.000000 0.000000 0.000000
71 1548131742 1.400000 -1.000000 -101.000000 0.000000 0.000000
71 1548131743 1.400000 -1.000000 -101.000000 0.000000 0.000000
72 1548131739 1.400000 -1.000000 -101.000000 0.000000 0.000000
72 1548131740 1.400000 -1.000000 -101.000000 0.000000 0.000000
72 1548131741 1.400000 -1.000000 -101.000000 0.000000 0.000000
72 1548131742 1.000000 -1.000000 -101.000000 0.000000 0.000000
72 1548131743 1.000000 -1.000000 -101.000000 0.000000 0.000000
71 1548131744 1.400000 -1.000000 -101.000000 0.000000 0.000000
71 1548131745 1.400000 -1.000000 -101.000000 0.000000 0.000000
71 1548131746 1.400000 -1.000000 -101.000000 0.000000 0.000000
71 1548131747 1.200000 -1.000000 -101.000000 0.000000 0.000000
71 1548131748 1.200000 -1.000000 -101.000000 0.000000 0.000000
72 1548131744 1.000000 -1.000000 -101.000000 0.000000 0.000000
72 1548131745 1.000000 -1.000000 -101.000000 0.000000 0.000000
72 1548131746 1.000000 -1.000000 -101.000000 0.000000 0.000000
72 1548131747 1.400000 -1.000000 -101.000000 0.000000 0.000000
72 1548131748 1.400000 -1.000000 -101.000000 0.000000 0.000000
71 1548131749 1.200000 -1.000000 -101.000000 0.000000 0.000000
71 1548131750 1.200000 -1.000000 -101.000000 0.000000 0.000000
71 1548131751 1.200000 -1.000000 -101.000000 0.000000 0.000000
71 1548131752 1.400000 -1.000000 -101.000000 0.000000 0.000000
71 1548131753 1.400000 -1.000000 -101.000000 0.000000 0.000000
72 1548131749 1.400000 -1.000000 -101.000000 0.000000 0.000000
72 1548131750 1.400000 -1.000000 -101.000000 0.000000 0.000000
72 1548131751 1.400000 -1.000000 -101.000000 0.000000 0.000000
72 1548131752 1.400000 -1.000000 -101.000000 0.000000 0.000000
72 1548131753 1.400000 -1.000000 -101.000000 0.000000 0.000000
71 1548131754 1.400000 -1.000000 -101.000000 0.000000 0.000000
71 1548131755 1.400000 -1.000000 -101.000000 0.000000 0.000000
71 1548131756 1.400000 -1.000000 -101.000000 0.000000 0.000000
71 1548131757 0.800000 -1.000000 -101.000000 0.000000 0.000000
71 1548131758 0.800000 -1.000000 -101.000000 0.000000 0.000000
72 1548131754 1.400000 -1.000000 -101.000000 0.000000 0.000000
72 1548131755 1.400000 -1.000000 -101.000000 0.000000 0.000000
72 1548131756 1.400000 -1.000000 -101.000000 0.000000 0.000000
72 1548131757 1.000000 -1.000000 -101.000000 0.000000 0.000000
72 1548131758 1.000000 -1.000000 -101.000000 0.000000 0.000000
71 1548131759 0.800000 -1.000000 -101.000000 0.000000 0.000000
71 1548131760 0.800000 -1.000000 -101.000000 0.000000 0.000000
71 1548131761 0.800000 -1.000000 -101.000000 0.000000 0.000000
71 1548131762 1.600000 -1.000000 -101.000000 0.000000 0.000000
71 1548131763 1.600000 -1.000000 -101.000000 0.000000 0.000000
72 1548131759 1.000000 -1.000000 -101.000000 0.000000 0.000000
72 1548131760 1.000000 -1.000000 -101.000000 0.000000 0.000000
72 1548131761 1.000000 -1.000000 -101.000000 0.000000 0.000000
72 1548131762 1.400000 -1.000000 -101.000000 0.000000 0.000000
72 1548131763 1.400000 -1.000000 -101.000000 0.000000 0.000000
71 1548131764 1.600000 -1.000000 -101.000000 0.000000 0.000000
71 1548131765 1.600000 -1.000000 -101.000000 0.000000 0.000000
71 1548131766 1.600000 -1.000000 -101.000000 0.000000 0.000000
71 1548131767 1.800000 -1.000000 -101.000000 0.000000 0.000000
71 1548131768 1.800000 -1.000000 -101.000000 0.000000 0.000000
72 1548131764 1.400000 -1.000000 -101.000000 0.000000 0.000000
72 1548131765 1.400000 -1.000000 -101.000000 0.000000 0.000000
72 1548131766 1.400000 -1.000000 -101.000000 0.000000 0.000000
72 1548131767 1.800000 -1.000000 -101.000000 0.000000 0.000000
72 1548131768 1.800000 -1.000000 -101.000000 0.000000 0.000000
71 1548131769 1.800000 -1.000000 -101.000000 0.000000 0.000000
71 1548131770 1.800000 -1.000000 -101.000000 0.000000 0.000000
71 1548131771 1.800000 -1.000000 -101.000000 0.000000 0.000000
71 1548131772 1.200000 -1.000000 -101.000000 0.000000 0.000000
71 1548131773 1.200000 -1.000000 -101.000000 0.000000 0.000000
72 1548131769 1.800000 -1.000000 -101.000000 0.000000 0.000000
72 1548131770 1.800000 -1.000000 -101.000000 0.000000 0.000000
72 1548131771 1.800000 -1.000000 -101.000000 0.000000 0.000000
72 1548131772 1.400000 -1.000000 -101.000000 0.000000 0.000000
72 1548131773 1.400000 -1.000000 -101.000000 0.000000 0.000000
71 1548131774 1.200000 -1.000000 -101.000000 0.000000 0.000000
71 1548131775 1.200000 -1.000000 -101.000000 0.000000 0.000000
71 1548131776 1.200000 -1.000000 -101.000000 0.000000 0.000000
71 1548131777 0.800000 -1.000000 -101.000000 0.000000 0.000000
71 1548131778 0.800000 -1.000000 -101.000000 0.000000 0.000000
72 1548131774 1.400000 -1.000000 -101.000000 0.000000 0.000000
72 1548131775 1.400000 -1.000000 -101.000000 0.000000 0.000000
72 1548131776 1.400000 -1.000000 -101.000000 0.000000 0.000000
72 1548131777 0.400000 -1.000000 -101.000000 0.000000 0.000000
72 1548131778 0.400000 -1.000000 -101.000000 0.000000 0.000000
71 1548131779 0.800000 -1.000000 -101.000000 0.000000 0.000000
71 1548131780 0.800000 -1.000000 -101.000000 0.000000 0.000000
71 1548131781 0.800000 -1.000000 -101.000000 0.000000 0.000000
71 1548131782 0.600000 -1.000000 -101.000000 0.000000 0.000000
71 1548131783 0.600000 -1.000000 -101.000000 0.000000 0.000000
72 1548131779 0.400000 -1.000000 -101.000000 0.000000 0.000000
72 1548131780 0.400000 -1.000000 -101.000000 0.000000 0.000000
72 1548131781 0.400000 -1.000000 -101.000000 0.000000 0.000000
72 1548131782 0.600000 -1.000000 -101.000000 0.000000 0.000000
72 1548131783 0.600000 -1.000000 -101.000000 0.000000 0.000000
71 1548131784 0.600000 -1.000000 -101.000000 0.000000 0.000000
71 1548131785 0.600000 -1.000000 -101.000000 0.000000 0.000000
71 1548131786 0.600000 -1.000000 -101.000000 0.000000 0.000000
71 1548131787 1.000000 -1.000000 -101.000000 0.000000 0.000000
71 1548131788 1.000000 -1.000000 -101.000000 0.000000 0.000000
72 1548131784 0.600000 -1.000000 -101.000000 0.000000 0.000000
72 1548131785 0.600000 -1.000000 -101.000000 0.000000 0.000000
72 1548131786 0.600000 -1.000000 -101.000000 0.000000 0.000000
72 1548131787 1.200000 -1.000000 -101.000000 0.000000 0.000000
72 1548131788 1.200000 -1.000000 -101.000000 0.000000 0.000000
71 1548131789 1.000000 -1.000000 -101.000000 0.000000 0.000000
71 1548131790 1.000000 -1.000000 -101.000000 0.000000 0.000000
71 1548131791 1.000000 -1.000000 -101.000000 0.000000 0.000000
71 1548131792 1.400000 -1.000000 -101.000000 0.000000 0.000000
71 1548131793 1.400000 -1.000000 -101.000000 0.000000 0.000000
72 1548131789 1.200000 -1.000000 -101.000000 0.000000 0.000000
72 1548131790 1.200000 -1.000000 -101.000000 0.000000 0.000000
72 1548131791 1.200000 -1.000000 -101.000000 0.000000 0.000000
72 1548131792 1.200000 -1.000000 -101.000000 0.000000 0.000000
72 1548131793 1.200000 -1.000000 -101.000000 0.000000 0.000000
71 1548131794 1.400000 -1.000000 -101.000000 0.000000 0.000000
71 1548131795 1.400000 -1.000000 -101.000000 0.000000 0.000000
71 1548131796 1.400000 -1.000000 -101.000000 0.000000 0.000000
71 1548131797 1.000000 -1.000000 -101.000000 0.000000 0.000000
71 1548131798 1.000000 -1.000000 -101.000000 0.000000 0.000000
72 1548131794 1.200000 -1.000000 -101.000000 0.000000 0.000000
72 1548131795 1.200000 -1.000000 -101.000000 0.000000 0.000000
72 1548131796 1.200000 -1.000000 -101.000000 0.000000 0.000000
72 1548131797 1.000000 -1.000000 -101.000000 0.000000 0.000000
72 1548131798 1.000000 -1.000000 -101.000000 0.000000 0.000000
71 1548131799 1.000000 -1.000000 -101.000000 0.000000 0.000000
71 1548131800 1.000000 -1.000000 -101.000000 0.000000 0.000000
71 1548131801 1.000000 -1.000000 -101.000000 0.000000 0.000000
71 1548131802 1.000000 -1.000000 -101.000000 0.000000 0.000000
71 1548131803 1.000000 -1.000000 -101.000000 0.000000 0.000000
72 1548131799 1.000000 -1.000000 -101.000000 0.000000 0.000000
72 1548131800 1.000000 -1.000000 -101.000000 0.000000 0.000000
72 1548131801 1.000000 -1.000000 -101.000000 0.000000 0.000000
72 1548131802 1.000000 -1.000000 -101.000000 0.000000 0.000000
72 1548131803 1.000000 -1.000000 -101.000000 0.000000 0.000000
71 1548131804 1.000000 -1.000000 -101.000000 0.000000 0.000000
71 1548131805 1.000000 -1.000000 -101.000000 0.000000 0.000000
71 1548131806 1.000000 -1.000000 -101.000000 0.000000 0.000000
71 1548131807 0.800000 -1.000000 -101.000000 0.000000 0.000000
71 1548131808 0.800000 -1.000000 -101.000000 0.000000 0.000000
72 1548131804 1.000000 -1.000000 -101.000000 0.000000 0.000000
72 1548131805 1.000000 -1.000000 -101.000000 0.000000 0.000000
72 1548131806 1.000000 -1.000000 -101.000000 0.000000 0.000000
72 1548131807 0.800000 -1.000000 -101.000000 0.000000 0.000000
72 1548131808 0.800000 -1.000000 -101.000000 0.000000 0.000000
71 1548131809 0.800000 -1.000000 -101.000000 0.000000 0.000000
71 1548131810 0.800000 -1.000000 -101.000000 0.000000 0.000000
71 1548131811 0.800000 -1.000000 -101.000000 0.000000 0.000000
71 1548131812 0.600000 -1.000000 -101.000000 0.000000 0.000000
71 1548131813 0.600000 -1.000000 -101.000000 0.000000 0.000000
72 1548131809 0.800000 -1.000000 -101.000000 0.000000 0.000000
72 1548131810 0.800000 -1.000000 -101.000000 0.000000 0.000000
72 1548131811 0.800000 -1.000000 -101.000000 0.000000 0.000000
72 1548131812 0.600000 -1.000000 -101.000000 0.000000 0.000000
72 1548131813 0.600000 -1.000000 -101.000000 0.000000 0.000000
71 1548131814 0.600000 -1.000000 -101.000000 0.000000 0.000000
71 1548131815 0.600000 -1.000000 -101.000000 0.000000 0.000000
71 1548131816 0.600000 -1.000000 -101.000000 0.000000 0.000000
71 1548131817 1.400000 -1.000000 -101.000000 0.000000 0.000000
71 1548131818 1.400000 -1.000000 -101.000000 0.000000 0.000000
72 1548131814 0.600000 -1.000000 -101.000000 0.000000 0.000000
72 1548131815 0.600000 -1.000000 -101.000000 0.000000 0.000000
72 1548131816 0.600000 -1.000000 -101.000000 0.000000 0.000000
72 1548131817 1.400000 -1.000000 -101.000000 0.000000 0.000000
72 1548131818 1.400000 -1.000000 -101.000000 0.000000 0.000000
71 1548131819 1.400000 -1.000000 -101.000000 0.000000 0.000000
71 1548131820 1.400000 -1.000000 -101.000000 0.000000 0.000000
71 1548131821 1.400000 -1.000000 -101.000000 0.000000 0.000000
71 1548131822 0.800000 -1.000000 -101.000000 0.000000 0.000000
71 1548131823 0.800000 -1.000000 -101.000000 0.000000 0.000000
72 1548131819 1.400000 -1.000000 -101.000000 0.000000 0.000000
72 1548131820 1.400000 -1.000000 -101.000000 0.000000 0.000000
72 1548131821 1.400000 -1.000000 -101.000000 0.000000 0.000000
72 1548131822 1.000000 -1.000000 -101.000000 0.000000 0.000000
72 1548131823 1.000000 -1.000000 -101.000000 0.000000 0.000000
71 1548131824 0.800000 -1.000000 -101.000000 0.000000 0.000000
71 1548131825 0.800000 -1.000000 -101.000000 0.000000 0.000000
71 1548131826 0.800000 -1.000000 -101.000000 0.000000 0.000000
71 1548131827 1.000000 -1.000000 -101.000000 0.000000 0.000000
71 1548131828 1.000000 -1.000000 -101.000000 0.000000 0.000000
72 1548131824 1.000000 -1.000000 -101.000000 0.000000 0.000000
72 1548131825 1.000000 -1.000000 -101.000000 0.000000 0.000000
72 1548131826 1.000000 -1.000000 -101.000000 0.000000 0.000000
72 1548131827 0.800000 -1.000000 -101.000000 0.000000 0.000000
72 1548131828 0.800000 -1.000000 -101.000000 0.000000 0.000000
71 1548131829 1.000000 -1.000000 -101.000000 0.000000 0.000000
71 1548131830 1.000000 -1.000000 -101.000000 0.000000 0.000000
71 1548131831 1.000000 -1.000000 -101.000000 0.000000 0.000000
71 1548131832 1.000000 -1.000000 -101.000000 0.000000 0.000000
71 1548131833 1.000000 -1.000000 -101.000000 0.000000 0.000000
72 1548131829 0.800000 -1.000000 -101.000000 0.000000 0.000000
72 1548131830 0.800000 -1.000000 -101.000000 0.000000 0.000000
72 1548131831 0.800000 -1.000000 -101.000000 0.000000 0.000000
72 1548131832 1.000000 -1.000000 -101.000000 0.000000 0.000000
72 1548131833 1.000000 -1.000000 -101.000000 0.000000 0.000000
71 1548131834 1.000000 -1.000000 -101.000000 0.000000 0.000000
71 1548131835 1.000000 -1.000000 -101.000000 0.000000 0.000000
71 1548131836 1.000000 -1.000000 -101.000000 0.000000 0.000000
71 1548131837 1.000000 -1.000000 -101.000000 0.000000 0.000000
71 1548131838 1.000000 -1.000000 -101.000000 0.000000 0.000000
72 1548131834 1.000000 -1.000000 -101.000000 0.000000 0.000000
72 1548131835 1.000000 -1.000000 -101.000000 0.000000 0.000000
72 1548131836 1.000000 -1.000000 -101.000000 0.000000 0.000000
72 1548131837 1.000000 -1.000000 -101.000000 0.000000 0.000000
72 1548131838 1.000000 -1.000000 -101.000000 0.000000 0.000000
71 1548131839 1.000000 -1.000000 -101.000000 0.000000 0.000000
71 1548131840 1.000000 -1.000000 -101.000000 0.000000 0.000000
71 1548131841 1.000000 -1.000000 -101.000000 0.000000 0.000000
71 1548131842 1.200000 -1.000000 -101.000000 0.000000 0.000000
71 1548131843 1.200000 -1.000000 -101.000000 0.000000 0.000000
72 1548131839 1.000000 -1.000000 -101.000000 0.000000 0.000000
72 1548131840 1.000000 -1.000000 -101.000000 0.000000 0.000000
72 1548131841 1.000000 -1.000000 -101.000000 0.000000 0.000000
72 1548131842 1.400000 -1.000000 -101.000000 0.000000 0.000000
72 1548131843 1.400000 -1.000000 -101.000000 0.000000 0.000000
71 1548131844 1.200000 -1.000000 -101.000000 0.000000 0.000000
71 1548131845 1.200000 -1.000000 -101.000000 0.000000 0.000000
71 1548131846 1.200000 -1.000000 -101.000000 0.000000 0.000000
71 1548131847 1.000000 -1.000000 -101.000000 0.000000 0.000000
71 1548131848 1.000000 -1.000000 -101.000000 0.000000 0.000000
72 1548131844 1.400000 -1.000000 -101.000000 0.000000 0.000000
72 1548131845 1.400000 -1.000000 -101.000000 0.000000 0.000000
72 1548131846 1.400000 -1.000000 -101.000000 0.000000 0.000000
72 1548131847 0.800000 -1.000000 -101.000000 0.000000 0.000000
72 1548131848 0.800000 -1.000000 -101.000000 0.000000 0.000000
71 1548131849 1.000000 -1.000000 -101.000000 0.000000 0.000000
71 1548131850 1.000000 -1.000000 -101.000000 0.000000 0.000000
71 1548131851 1.000000 -1.000000 -101.000000 0.000000 0.000000
71 1548131852 0.600000 -1.000000 -101.000000 0.000000 0.000000
71 1548131853 0.600000 -1.000000 -101.000000 0.000000 0.000000
72 1548131849 0.800000 -1.000000 -101.000000 0.000000 0.000000
72 1548131850 0.800000 -1.000000 -101.000000 0.000000 0.000000
72 1548131851 0.800000 -1.000000 -101.000000 0.000000 0.000000
72 1548131852 1.000000 -1.000000 -101.000000 0.000000 0.000000
72 1548131853 1.000000 -1.000000 -101.000000 0.000000 0.000000
71 1548131854 0.600000 -1.000000 -101.000000 0.000000 0.000000
71 1548131855 0.600000 -1.000000 -101.000000 0.000000 0.000000
71 1548131856 0.600000 -1.000000 -101.000000 0.000000 0.000000
71 1548131857 1.400000 -1.000000 -101.000000 0.000000 0.000000
71 1548131858 1.400000 -1.000000 -101.000000 0.000000 0.000000
72 1548131854 1.000000 -1.000000 -101.000000 0.000000 0.000000
72 1548131855 1.000000 -1.000000 -101.000000 0.000000 0.000000
72 1548131856 1.000000 -1.000000 -101.000000 0.000000 0.000000
72 1548131857 1.000000 -1.000000 -101.000000 0.000000 0.000000
72 1548131858 1.000000 -1.000000 -101.000000 0.000000 0.000000
71 1548131859 1.400000 -1.000000 -101.000000 0.000000 0.000000
71 1548131860 1.400000 -1.000000 -101.000000 0.000000 0.000000
71 1548131861 1.400000 -1.000000 -101.000000 0.000000 0.000000
71 1548131862 0.200000 -1.000000 -101.000000 0.000000 0.000000
71 1548131863 0.200000 -1.000000 -101.000000 0.000000 0.000000
72 1548131859 1.000000 -1.000000 -101.000000 0.000000 0.000000
72 1548131860 1.000000 -1.000000 -101.000000 0.000000 0.000000
72 1548131861 1.000000 -1.000000 -101.000000 0.000000 0.000000
72 1548131862 0.200000 -1.000000 -101.000000 0.000000 0.000000
72 1548131863 0.200000 -1.000000 -101.000000 0.000000 0.000000
71 1548131864 0.200000 -1.000000 -101.000000 0.000000 0.000000
71 1548131865 0.200000 -1.000000 -101.000000 0.000000 0.000000
71 1548131866 0.200000 -1.000000 -101.000000 0.000000 0.000000
72 1548131864 0.200000 -1.000000 -101.000000 0.000000 0.000000
72 1548131865 0.200000 -1.000000 -101.000000 0.000000 0.000000
72 1548131866 0.200000 -1.000000 -101.000000 0.000000 0.000000
72 1548131929 30.666667 -1.000000 30.666667 30.666667 564.266667
72 1548131928 30.666667 -1.000000 30.666667 30.666667 564.266667
72 1548131927 30.666667 -1.000000 30.666667 30.666667 564.266667
72 1548131926 1.800000 -1.000000 1.800000 1.800000 1.944000
72 1548131925 1.800000 -1.000000 1.800000 1.800000 1.944000
72 1548131924 1.800000 -1.000000 1.800000 1.800000 1.944000
72 1548131923 1.800000 -1.000000 1.800000 1.800000 1.944000
72 1548131922 1.800000 -1.000000 1.800000 1.800000 1.944000
72 1548131921 1.600000 -1.000000 1.600000 1.600000 1.536000
72 1548131920 1.600000 -1.000000 1.600000 1.600000 1.536000
72 1548131919 1.600000 -1.000000 1.600000 1.600000 1.536000
72 1548131918 1.600000 -1.000000 1.600000 1.600000 1.536000
72 1548131917 1.600000 -1.000000 1.600000 1.600000 1.536000
72 1548131916 1.000000 -1.000000 1.000000 1.000000 0.600000
72 1548131915 1.000000 -1.000000 1.000000 1.000000 0.600000
72 1548131914 1.000000 -1.000000 1.000000 1.000000 0.600000
72 1548131913 1.000000 -1.000000 1.000000 1.000000 0.600000
72 1548131912 1.000000 -1.000000 1.000000 1.000000 0.600000
72 1548131911 1.200000 -1.000000 1.200000 1.200000 0.864000
72 1548131910 1.200000 -1.000000 1.200000 1.200000 0.864000
72 1548131909 1.200000 -1.000000 1.200000 1.200000 0.864000
72 1548131908 1.200000 -1.000000 1.200000 1.200000 0.864000
72 1548131907 1.200000 -1.000000 1.200000 1.200000 0.864000
72 1548131906 0.600000 -1.000000 0.600000 0.600000 0.216000
72 1548131905 0.600000 -1.000000 0.600000 0.600000 0.216000
72 1548131904 0.600000 -1.000000 0.600000 0.600000 0.216000
72 1548131903 0.600000 -1.000000 0.600000 0.600000 0.216000
72 1548131902 0.600000 -1.000000 0.600000 0.600000 0.216000
72 1548131901 1.000000 -1.000000 1.000000 1.000000 0.600000
72 1548131900 1.000000 -1.000000 1.000000 1.000000 0.600000
72 1548131899 1.000000 -1.000000 1.000000 1.000000 0.600000
72 1548131898 1.000000 -1.000000 1.000000 1.000000 0.600000
72 1548131897 1.000000 -1.000000 1.000000 1.000000 0.600000
72 1548131896 1.400000 -1.000000 1.400000 1.400000 1.176000
72 1548131895 1.400000 -1.000000 1.400000 1.400000 1.176000
72 1548131894 1.400000 -1.000000 1.400000 1.400000 1.176000
72 1548131893 1.400000 -1.000000 1.400000 1.400000 1.176000
72 1548131892 1.400000 -1.000000 1.400000 1.400000 1.176000
72 1548131891 1.000000 -1.000000 1.000000 1.000000 0.600000
72 1548131890 1.000000 -1.000000 1.000000 1.000000 0.600000
72 1548131889 1.000000 -1.000000 1.000000 1.000000 0.600000
72 1548131888 1.000000 -1.000000 1.000000 1.000000 0.600000
72 1548131887 1.000000 -1.000000 1.000000 1.000000 0.600000
72 1548131886 0.800000 -1.000000 0.800000 0.800000 0.384000
72 1548131885 0.800000 -1.000000 0.800000 0.800000 0.384000
72 1548131884 0.800000 -1.000000 0.800000 0.800000 0.384000
72 1548131883 0.800000 -1.000000 0.800000 0.800000 0.384000
72 1548131882 0.800000 -1.000000 0.800000 0.800000 0.384000
72 1548131881 0.400000 -1.000000 0.400000 0.400000 0.096000
72 1548131880 0.400000 -1.000000 0.400000 0.400000 0.096000
72 1548131879 0.400000 -1.000000 0.400000 0.400000 0.096000
72 1548131878 0.400000 -1.000000 0.400000 0.400000 0.096000
72 1548131877 0.400000 -1.000000 0.400000 0.400000 0.096000
72 1548131876 1.000000 -1.000000 1.000000 1.000000 0.600000
72 1548131875 1.000000 -1.000000 1.000000 1.000000 0.600000
72 1548131874 1.000000 -1.000000 1.000000 1.000000 0.600000
72 1548131873 1.000000 -1.000000 1.000000 1.000000 0.600000
72 1548131872 1.000000 -1.000000 1.000000 1.000000 0.600000
72 1548131871 2.000000 -1.000000 2.000000 2.000000 2.400000
72 1548131870 2.000000 -1.000000 2.000000 2.000000 2.400000
72 1548131869 2.000000 -1.000000 2.000000 2.000000 2.400000
72 1548131868 2.000000 -1.000000 2.000000 2.000000 2.400000
72 1548131867 2.000000 -1.000000 2.000000 2.000000 2.400000
71 1548131929 1.000000 -1.000000 1.000000 1.000000 0.600000
71 1548131928 1.000000 -1.000000 1.000000 1.000000 0.600000
71 1548131927 1.000000 -1.000000 1.000000 1.000000 0.600000
71 1548131926 0.800000 -1.000000 0.800000 0.800000 0.384000
71 1548131925 0.800000 -1.000000 0.800000 0.800000 0.384000
71 1548131924 0.800000 -1.000000 0.800000 0.800000 0.384000
71 1548131923 0.800000 -1.000000 0.800000 0.800000 0.384000
71 1548131922 0.800000 -1.000000 0.800000 0.800000 0.384000
71 1548131921 0.800000 -1.000000 0.800000 0.800000 0.384000
71 1548131920 0.800000 -1.000000 0.800000 0.800000 0.384000
71 1548131919 0.800000 -1.000000 0.800000 0.800000 0.384000
71 1548131918 0.800000 -1.000000 0.800000 0.800000 0.384000
71 1548131917 0.800000 -1.000000 0.800000 0.800000 0.384000
71 1548131916 0.800000 -1.000000 0.800000 0.800000 0.384000
71 1548131915 0.800000 -1.000000 0.800000 0.800000 0.384000
71 1548131914 0.800000 -1.000000 0.800000 0.800000 0.384000
71 1548131913 0.800000 -1.000000 0.800000 0.800000 0.384000
71 1548131912 0.800000 -1.000000 0.800000 0.800000 0.384000
71 1548131911 1.000000 -1.000000 1.000000 1.000000 0.600000
71 1548131910 1.000000 -1.000000 1.000000 1.000000 0.600000
71 1548131909 1.000000 -1.000000 1.000000 1.000000 0.600000
71 1548131908 1.000000 -1.000000 1.000000 1.000000 0.600000
71 1548131907 1.000000 -1.000000 1.000000 1.000000 0.600000
71 1548131906 0.600000 -1.000000 0.600000 0.600000 0.216000
71 1548131905 0.600000 -1.000000 0.600000 0.600000 0.216000
71 1548131904 0.600000 -1.000000 0.600000 0.600000 0.216000
71 1548131903 0.600000 -1.000000 0.600000 0.600000 0.216000
71 1548131902 0.600000 -1.000000 0.600000 0.600000 0.216000
71 1548131901 1.200000 -1.000000 1.200000 1.200000 0.864000
71 1548131900 1.200000 -1.000000 1.200000 1.200000 0.864000
71 1548131899 1.200000 -1.000000 1.200000 1.200000 0.864000
71 1548131898 1.200000 -1.000000 1.200000 1.200000 0.864000
71 1548131897 1.200000 -1.000000 1.200000 1.200000 0.864000
71 1548131896 1.200000 -1.000000 1.200000 1.200000 0.864000
71 1548131895 1.200000 -1.000000 1.200000 1.200000 0.864000
71 1548131894 1.200000 -1.000000 1.200000 1.200000 0.864000
71 1548131893 1.200000 -1.000000 1.200000 1.200000 0.864000
71 1548131892 1.200000 -1.000000 1.200000 1.200000 0.864000
71 1548131891 1.000000 -1.000000 1.000000 1.000000 0.600000
71 1548131890 1.000000 -1.000000 1.000000 1.000000 0.600000
71 1548131889 1.000000 -1.000000 1.000000 1.000000 0.600000
71 1548131888 1.000000 -1.000000 1.000000 1.000000 0.600000
71 1548131887 1.000000 -1.000000 1.000000 1.000000 0.600000
71 1548131886 0.800000 -1.000000 0.800000 0.800000 0.384000
71 1548131885 0.800000 -1.000000 0.800000 0.800000 0.384000
71 1548131884 0.800000 -1.000000 0.800000 0.800000 0.384000
71 1548131883 0.800000 -1.000000 0.800000 0.800000 0.384000
71 1548131882 0.800000 -1.000000 0.800000 0.800000 0.384000
71 1548131881 0.400000 -1.000000 0.400000 0.400000 0.096000
71 1548131880 0.400000 -1.000000 0.400000 0.400000 0.096000
71 1548131879 0.400000 -1.000000 0.400000 0.400000 0.096000
71 1548131878 0.400000 -1.000000 0.400000 0.400000 0.096000
71 1548131877 0.400000 -1.000000 0.400000 0.400000 0.096000
71 1548131876 1.200000 -1.000000 1.200000 1.200000 0.864000
71 1548131875 1.200000 -1.000000 1.200000 1.200000 0.864000
71 1548131874 1.200000 -1.000000 1.200000 1.200000 0.864000
71 1548131873 1.200000 -1.000000 1.200000 1.200000 0.864000
71 1548131872 1.200000 -1.000000 1.200000 1.200000 0.864000
71 1548131871 1.800000 -1.000000 1.800000 1.800000 1.944000
71 1548131870 1.800000 -1.000000 1.800000 1.800000 1.944000
71 1548131869 1.800000 -1.000000 1.800000 1.800000 1.944000
71 1548131868 1.800000 -1.000000 1.800000 1.800000 1.944000
71 1548131867 1.800000 -1.000000 1.800000 1.800000 1.944000
