157 1548064448 2.800000 -1.000000 -101.000000 0.000000 0.000000
157 1548064449 2.800000 -1.000000 -101.000000 0.000000 0.000000
157 1548064450 2.800000 -1.000000 -101.000000 0.000000 0.000000
157 1548064451 2.800000 -1.000000 -101.000000 0.000000 0.000000
157 1548064452 2.800000 -1.000000 -101.000000 0.000000 0.000000
157 1548064453 2.600000 -1.000000 -101.000000 0.000000 0.000000
157 1548064454 2.600000 -1.000000 -101.000000 0.000000 0.000000
157 1548064455 2.600000 -1.000000 -101.000000 0.000000 0.000000
157 1548064456 2.600000 -1.000000 -101.000000 0.000000 0.000000
157 1548064457 2.600000 -1.000000 -101.000000 0.000000 0.000000
157 1548064458 2.400000 -1.000000 -101.000000 0.000000 0.000000
157 1548064459 2.400000 -1.000000 -101.000000 0.000000 0.000000
157 1548064460 2.400000 -1.000000 -101.000000 0.000000 0.000000
157 1548064461 2.400000 -1.000000 -101.000000 0.000000 0.000000
157 1548064462 2.400000 -1.000000 -101.000000 0.000000 0.000000
157 1548064463 2.400000 -1.000000 -101.000000 0.000000 0.000000
157 1548064464 2.400000 -1.000000 -101.000000 0.000000 0.000000
157 1548064465 2.400000 -1.000000 -101.000000 0.000000 0.000000
157 1548064466 2.400000 -1.000000 -101.000000 0.000000 0.000000
157 1548064467 2.400000 -1.000000 -101.000000 0.000000 0.000000
157 1548064468 2.200000 -1.000000 -101.000000 0.000000 0.000000
157 1548064469 2.200000 -1.000000 -101.000000 0.000000 0.000000
157 1548064470 2.200000 -1.000000 -101.000000 0.000000 0.000000
157 1548064471 2.200000 -1.000000 -101.000000 0.000000 0.000000
157 1548064472 2.200000 -1.000000 -101.000000 0.000000 0.000000
157 1548064473 1.800000 -1.000000 -101.000000 0.000000 0.000000
157 1548064474 1.800000 -1.000000 -101.000000 0.000000 0.000000
157 1548064475 1.800000 -1.000000 -101.000000 0.000000 0.000000
157 1548064476 1.800000 -1.000000 -101.000000 0.000000 0.000000
157 1548064477 1.800000 -1.000000 -101.000000 0.000000 0.000000
157 1548064478 2.800000 -1.000000 -101.000000 0.000000 0.000000
157 1548064479 2.800000 -1.000000 -101.000000 0.000000 0.000000
157 1548064480 2.800000 -1.000000 -101.000000 0.000000 0.000000
157 1548064481 2.800000 -1.000000 -101.000000 0.000000 0.000000
157 1548064482 2.800000 -1.000000 -101.000000 0.000000 0.000000
157 1548064483 3.200000 -1.000000 -101.000000 0.000000 0.000000
157 1548064484 3.200000 -1.000000 -101.000000 0.000000 0.000000
157 1548064485 3.200000 -1.000000 -101.000000 0.000000 0.000000
157 1548064486 3.200000 -1.000000 -101.000000 0.000000 0.000000
157 1548064487 3.200000 -1.000000 -101.000000 0.000000 0.000000
157 1548064488 2.400000 -1.000000 -101.000000 0.000000 0.000000
157 1548064489 2.400000 -1.000000 -101.000000 0.000000 0.000000
157 1548064490 2.400000 -1.000000 -101.000000 0.000000 0.000000
157 1548064491 2.400000 -1.000000 -101.000000 0.000000 0.000000
157 1548064492 2.400000 -1.000000 -101.000000 0.000000 0.000000
157 1548064493 1.800000 -1.000000 -101.000000 0.000000 0.000000
157 1548064494 1.800000 -1.000000 -101.000000 0.000000 0.000000
157 1548064495 1.800000 -1.000000 -101.000000 0.000000 0.000000
157 1548064496 1.800000 -1.000000 -101.000000 0.000000 0.000000
157 1548064497 1.800000 -1.000000 -101.000000 0.000000 0.000000
157 1548064498 2.400000 -1.000000 -101.000000 0.000000 0.000000
157 1548064499 2.400000 -1.000000 -101.000000 0.000000 0.000000
157 1548064500 2.400000 -1.000000 -101.000000 0.000000 0.000000
157 1548064501 2.400000 -1.000000 -101.000000 0.000000 0.000000
157 1548064502 2.400000 -1.000000 -101.000000 0.000000 0.000000
157 1548064503 3.400000 -1.000000 -101.000000 0.000000 0.000000
157 1548064504 3.400000 -1.000000 -101.000000 0.000000 0.000000
157 1548064505 3.400000 -1.000000 -101.000000 0.000000 0.000000
157 1548064506 3.400000 -1.000000 -101.000000 0.000000 0.000000
157 1548064507 3.400000 -1.000000 -101.000000 0.000000 0.000000
157 1548064508 1.600000 -1.000000 -101.000000 0.000000 0.000000
157 1548064509 1.600000 -1.000000 -101.000000 0.000000 0.000000
157 1548064510 1.600000 -1.000000 -101.000000 0.000000 0.000000
157 1548064511 1.600000 -1.000000 -101.000000 0.000000 0.000000
157 1548064512 1.600000 -1.000000 -101.000000 0.000000 0.000000
157 1548064513 3.800000 -1.000000 -101.000000 0.000000 0.000000
157 1548064514 3.800000 -1.000000 -101.000000 0.000000 0.000000
157 1548064515 3.800000 -1.000000 -101.000000 0.000000 0.000000
157 1548064516 3.800000 -1.000000 -101.000000 0.000000 0.000000
157 1548064517 3.800000 -1.000000 -101.000000 0.000000 0.000000
157 1548064518 2.200000 -1.000000 -101.000000 0.000000 0.000000
157 1548064519 2.200000 -1.000000 -101.000000 0.000000 0.000000
157 1548064520 2.200000 -1.000000 -101.000000 0.000000 0.000000
157 1548064521 2.200000 -1.000000 -101.000000 0.000000 0.000000
157 1548064522 2.200000 -1.000000 -101.000000 0.000000 0.000000
157 1548064523 3.200000 -1.000000 -101.000000 0.000000 0.000000
157 1548064524 3.200000 -1.000000 -101.000000 0.000000 0.000000
157 1548064525 3.200000 -1.000000 -101.000000 0.000000 0.000000
157 1548064526 3.200000 -1.000000 -101.000000 0.000000 0.000000
157 1548064527 3.200000 -1.000000 -101.000000 0.000000 0.000000
157 1548064528 1.800000 -1.000000 -101.000000 0.000000 0.000000
157 1548064529 1.800000 -1.000000 -101.000000 0.000000 0.000000
157 1548064530 1.800000 -1.000000 -101.000000 0.000000 0.000000
157 1548064531 1.800000 -1.000000 -101.000000 0.000000 0.000000
157 1548064532 1.800000 -1.000000 -101.000000 0.000000 0.000000
157 1548064533 2.200000 -1.000000 -101.000000 0.000000 0.000000
157 1548064534 2.200000 -1.000000 -101.000000 0.000000 0.000000
157 1548064535 2.200000 -1.000000 -101.000000 0.000000 0.000000
157 1548064536 2.200000 -1.000000 -101.000000 0.000000 0.000000
157 1548064537 2.200000 -1.000000 -101.000000 0.000000 0.000000
157 1548064538 1.400000 -1.000000 -101.000000 0.000000 0.000000
157 1548064539 1.400000 -1.000000 -101.000000 0.000000 0.000000
157 1548064540 1.400000 -1.000000 -101.000000 0.000000 0.000000
157 1548064541 1.400000 -1.000000 -101.000000 0.000000 0.000000
157 1548064542 1.400000 -1.000000 -101.000000 0.000000 0.000000
157 1548064543 2.200000 -1.000000 -101.000000 0.000000 0.000000
157 1548064544 2.200000 -1.000000 -101.000000 0.000000 0.000000
157 1548064545 2.200000 -1.000000 -101.000000 0.000000 0.000000
157 1548064546 2.200000 -1.000000 -101.000000 0.000000 0.000000
157 1548064547 2.200000 -1.000000 -101.000000 0.000000 0.000000
157 1548064548 2.400000 -1.000000 -101.000000 0.000000 0.000000
157 1548064549 2.400000 -1.000000 -101.000000 0.000000 0.000000
157 1548064550 2.400000 -1.000000 -101.000000 0.000000 0.000000
157 1548064551 2.400000 -1.000000 -101.000000 0.000000 0.000000
157 1548064552 2.400000 -1.000000 -101.000000 0.000000 0.000000
157 1548064553 1.600000 -1.000000 -101.000000 0.000000 0.000000
157 1548064554 1.600000 -1.000000 -101.000000 0.000000 0.000000
157 1548064555 1.600000 -1.000000 -101.000000 0.000000 0.000000
157 1548064556 1.600000 -1.000000 -101.000000 0.000000 0.000000
157 1548064557 1.600000 -1.000000 -101.000000 0.000000 0.000000
157 1548064558 1.600000 -1.000000 -101.000000 0.000000 0.000000
157 1548064559 1.600000 -1.000000 -101.000000 0.000000 0.000000
157 1548064560 1.600000 -1.000000 -101.000000 0.000000 0.000000
157 1548064561 1.600000 -1.000000 -101.000000 0.000000 0.000000
157 1548064562 1.600000 -1.000000 -101.000000 0.000000 0.000000
157 1548064563 3.600000 -1.000000 -101.000000 0.000000 0.000000
157 1548064564 3.600000 -1.000000 -101.000000 0.000000 0.000000
157 1548064565 3.600000 -1.000000 -101.000000 0.000000 0.000000
157 1548064566 3.600000 -1.000000 -101.000000 0.000000 0.000000
157 1548064567 3.600000 -1.000000 -101.000000 0.000000 0.000000
157 1548064568 1.600000 -1.000000 -101.000000 0.000000 0.000000
157 1548064569 1.600000 -1.000000 -101.000000 0.000000 0.000000
157 1548064570 1.600000 -1.000000 -101.000000 0.000000 0.000000
157 1548064571 1.600000 -1.000000 -101.000000 0.000000 0.000000
157 1548064572 1.600000 -1.000000 -101.000000 0.000000 0.000000
157 1548064573 2.200000 -1.000000 -101.000000 0.000000 0.000000
157 1548064574 2.200000 -1.000000 -101.000000 0.000000 0.000000
157 1548064575 2.200000 -1.000000 -101.000000 0.000000 0.000000
157 1548064576 2.200000 -1.000000 -101.000000 0.000000 0.000000
157 1548064577 2.200000 -1.000000 -101.000000 0.000000 0.000000
157 1548064578 2.400000 -1.000000 -101.000000 0.000000 0.000000
157 1548064579 2.400000 -1.000000 -101.000000 0.000000 0.000000
157 1548064580 2.400000 -1.000000 -101.000000 0.000000 0.000000
157 1548064581 2.400000 -1.000000 -101.000000 0.000000 0.000000
157 1548064582 2.400000 -1.000000 -101.000000 0.000000 0.000000
157 1548064583 2.200000 -1.000000 -101.000000 0.000000 0.000000
157 1548064584 2.200000 -1.000000 -101.000000 0.000000 0.000000
157 1548064585 2.200000 -1.000000 -101.000000 0.000000 0.000000
157 1548064586 2.200000 -1.000000 -101.000000 0.000000 0.000000
157 1548064587 2.200000 -1.000000 -101.000000 0.000000 0.000000
157 1548064588 2.200000 -1.000000 -101.000000 0.000000 0.000000
157 1548064589 2.200000 -1.000000 -101.000000 0.000000 0.000000
157 1548064590 2.200000 -1.000000 -101.000000 0.000000 0.000000
157 1548064591 2.200000 -1.000000 -101.000000 0.000000 0.000000
157 1548064592 2.200000 -1.000000 -101.000000 0.000000 0.000000
157 1548064593 2.000000 -1.000000 -101.000000 0.000000 0.000000
157 1548064594 2.000000 -1.000000 -101.000000 0.000000 0.000000
157 1548064595 2.000000 -1.000000 -101.000000 0.000000 0.000000
157 1548064596 2.000000 -1.000000 -101.000000 0.000000 0.000000
157 1548064597 2.000000 -1.000000 -101.000000 0.000000 0.000000
157 1548064598 1.600000 -1.000000 -101.000000 0.000000 0.000000
157 1548064599 1.600000 -1.000000 -101.000000 0.000000 0.000000
157 1548064600 1.600000 -1.000000 -101.000000 0.000000 0.000000
157 1548064601 1.600000 -1.000000 -101.000000 0.000000 0.000000
157 1548064602 1.600000 -1.000000 -101.000000 0.000000 0.000000
157 1548064603 4.400000 -1.000000 -101.000000 0.000000 0.000000
157 1548064604 4.400000 -1.000000 -101.000000 0.000000 0.000000
157 1548064605 4.400000 -1.000000 -101.000000 0.000000 0.000000
157 1548064606 4.400000 -1.000000 -101.000000 0.000000 0.000000
157 1548064607 4.400000 -1.000000 -101.000000 0.000000 0.000000
157 1548064608 1.800000 -1.000000 -101.000000 0.000000 0.000000
157 1548064609 1.800000 -1.000000 -101.000000 0.000000 0.000000
157 1548064610 1.800000 -1.000000 -101.000000 0.000000 0.000000
157 1548064611 1.800000 -1.000000 -101.000000 0.000000 0.000000
157 1548064612 1.800000 -1.000000 -101.000000 0.000000 0.000000
157 1548064613 1.600000 -1.000000 -101.000000 0.000000 0.000000
157 1548064614 1.600000 -1.000000 -101.000000 0.000000 0.000000
157 1548064615 1.600000 -1.000000 -101.000000 0.000000 0.000000
157 1548064616 1.600000 -1.000000 -101.000000 0.000000 0.000000
157 1548064617 1.600000 -1.000000 -101.000000 0.000000 0.000000
157 1548064618 3.800000 -1.000000 -101.000000 0.000000 0.000000
157 1548064619 3.800000 -1.000000 -101.000000 0.000000 0.000000
157 1548064620 3.800000 -1.000000 -101.000000 0.000000 0.000000
157 1548064621 3.800000 -1.000000 -101.000000 0.000000 0.000000
157 1548064622 3.800000 -1.000000 -101.000000 0.000000 0.000000
157 1548064623 2.200000 -1.000000 -101.000000 0.000000 0.000000
157 1548064624 2.200000 -1.000000 -101.000000 0.000000 0.000000
157 1548064625 2.200000 -1.000000 -101.000000 0.000000 0.000000
157 1548064626 2.200000 -1.000000 -101.000000 0.000000 0.000000
157 1548064627 2.200000 -1.000000 -101.000000 0.000000 0.000000
157 1548064628 1.000000 -1.000000 -101.000000 0.000000 0.000000
157 1548064629 1.000000 -1.000000 -101.000000 0.000000 0.000000
157 1548064630 1.000000 -1.000000 -101.000000 0.000000 0.000000
157 1548064631 1.000000 -1.000000 -101.000000 0.000000 0.000000
157 1548064632 1.000000 -1.000000 -101.000000 0.000000 0.000000
157 1548064633 2.800000 -1.000000 -101.000000 0.000000 0.000000
157 1548064634 2.800000 -1.000000 -101.000000 0.000000 0.000000
157 1548064635 2.800000 -1.000000 -101.000000 0.000000 0.000000
157 1548064636 2.800000 -1.000000 -101.000000 0.000000 0.000000
157 1548064637 2.800000 -1.000000 -101.000000 0.000000 0.000000
157 1548064638 2.200000 -1.000000 -101.000000 0.000000 0.000000
157 1548064639 2.200000 -1.000000 -101.000000 0.000000 0.000000
157 1548064640 2.200000 -1.000000 -101.000000 0.000000 0.000000
157 1548064641 2.200000 -1.000000 -101.000000 0.000000 0.000000
157 1548064642 2.200000 -1.000000 -101.000000 0.000000 0.000000
157 1548064643 2.400000 -1.000000 -101.000000 0.000000 0.000000
157 1548064644 2.400000 -1.000000 -101.000000 0.000000 0.000000
157 1548064645 2.400000 -1.000000 -101.000000 0.000000 0.000000
157 1548064646 2.400000 -1.000000 -101.000000 0.000000 0.000000
157 1548064647 2.400000 -1.000000 -101.000000 0.000000 0.000000
157 1548064648 2.000000 -1.000000 -101.000000 0.000000 0.000000
157 1548064649 2.000000 -1.000000 -101.000000 0.000000 0.000000
157 1548064650 2.000000 -1.000000 -101.000000 0.000000 0.000000
157 1548064651 2.000000 -1.000000 -101.000000 0.000000 0.000000
157 1548064652 2.000000 -1.000000 -101.000000 0.000000 0.000000
157 1548064653 2.800000 -1.000000 -101.000000 0.000000 0.000000
157 1548064654 2.800000 -1.000000 -101.000000 0.000000 0.000000
157 1548064655 2.800000 -1.000000 -101.000000 0.000000 0.000000
157 1548064656 2.800000 -1.000000 -101.000000 0.000000 0.000000
157 1548064657 2.800000 -1.000000 -101.000000 0.000000 0.000000
157 1548064658 3.000000 -1.000000 -101.000000 0.000000 0.000000
157 1548064659 3.000000 -1.000000 -101.000000 0.000000 0.000000
157 1548064660 3.000000 -1.000000 -101.000000 0.000000 0.000000
157 1548064661 3.000000 -1.000000 -101.000000 0.000000 0.000000
157 1548064662 3.000000 -1.000000 -101.000000 0.000000 0.000000
157 1548064663 3.000000 -1.000000 -101.000000 0.000000 0.000000
157 1548064664 3.000000 -1.000000 -101.000000 0.000000 0.000000
157 1548064665 3.000000 -1.000000 -101.000000 0.000000 0.000000
157 1548064666 3.000000 -1.000000 -101.000000 0.000000 0.000000
157 1548064667 3.000000 -1.000000 -101.000000 0.000000 0.000000
157 1548064668 1.600000 -1.000000 -101.000000 0.000000 0.000000
157 1548064669 1.600000 -1.000000 -101.000000 0.000000 0.000000
157 1548064670 1.600000 -1.000000 -101.000000 0.000000 0.000000
157 1548064671 1.600000 -1.000000 -101.000000 0.000000 0.000000
157 1548064672 1.600000 -1.000000 -101.000000 0.000000 0.000000
157 1548064673 2.200000 -1.000000 -101.000000 0.000000 0.000000
157 1548064674 2.200000 -1.000000 -101.000000 0.000000 0.000000
157 1548064675 2.200000 -1.000000 -101.000000 0.000000 0.000000
157 1548064676 2.200000 -1.000000 -101.000000 0.000000 0.000000
157 1548064677 2.200000 -1.000000 -101.000000 0.000000 0.000000
157 1548064678 2.400000 -1.000000 -101.000000 0.000000 0.000000
157 1548064679 2.400000 -1.000000 -101.000000 0.000000 0.000000
157 1548064680 2.400000 -1.000000 -101.000000 0.000000 0.000000
157 1548064681 2.400000 -1.000000 -101.000000 0.000000 0.000000
157 1548064682 2.400000 -1.000000 -101.000000 0.000000 0.000000
157 1548064683 2.600000 -1.000000 -101.000000 0.000000 0.000000
157 1548064684 2.600000 -1.000000 -101.000000 0.000000 0.000000
157 1548064685 2.600000 -1.000000 -101.000000 0.000000 0.000000
157 1548064686 2.600000 -1.000000 -101.000000 0.000000 0.000000
157 1548064687 2.600000 -1.000000 -101.000000 0.000000 0.000000
157 1548064688 1.600000 -1.000000 -101.000000 0.000000 0.000000
157 1548064689 1.600000 -1.000000 -101.000000 0.000000 0.000000
157 1548064690 1.600000 -1.000000 -101.000000 0.000000 0.000000
157 1548064691 1.600000 -1.000000 -101.000000 0.000000 0.000000
157 1548064692 1.600000 -1.000000 -101.000000 0.000000 0.000000
157 1548064693 1.800000 -1.000000 -101.000000 0.000000 0.000000
157 1548064694 1.800000 -1.000000 -101.000000 0.000000 0.000000
157 1548064695 1.800000 -1.000000 -101.000000 0.000000 0.000000
157 1548064696 1.800000 -1.000000 -101.000000 0.000000 0.000000
157 1548064697 1.800000 -1.000000 -101.000000 0.000000 0.000000
157 1548064698 2.000000 -1.000000 -101.000000 0.000000 0.000000
157 1548064699 2.000000 -1.000000 -101.000000 0.000000 0.000000
157 1548064700 2.000000 -1.000000 -101.000000 0.000000 0.000000
157 1548064701 2.000000 -1.000000 -101.000000 0.000000 0.000000
157 1548064702 2.000000 -1.000000 -101.000000 0.000000 0.000000
157 1548064703 2.800000 -1.000000 -101.000000 0.000000 0.000000
157 1548064704 2.800000 -1.000000 -101.000000 0.000000 0.000000
157 1548064705 2.800000 -1.000000 -101.000000 0.000000 0.000000
157 1548064706 2.800000 -1.000000 -101.000000 0.000000 0.000000
157 1548064707 2.800000 -1.000000 -101.000000 0.000000 0.000000
157 1548064708 2.400000 -1.000000 -101.000000 0.000000 0.000000
157 1548064709 2.400000 -1.000000 -101.000000 0.000000 0.000000
157 1548064710 2.400000 -1.000000 -101.000000 0.000000 0.000000
157 1548064711 2.400000 -1.000000 -101.000000 0.000000 0.000000
157 1548064712 2.400000 -1.000000 -101.000000 0.000000 0.000000
157 1548064713 2.200000 -1.000000 -101.000000 0.000000 0.000000
157 1548064714 2.200000 -1.000000 -101.000000 0.000000 0.000000
157 1548064715 2.200000 -1.000000 -101.000000 0.000000 0.000000
157 1548064716 2.200000 -1.000000 -101.000000 0.000000 0.000000
157 1548064717 2.200000 -1.000000 -101.000000 0.000000 0.000000
157 1548064718 1.800000 -1.000000 -101.000000 0.000000 0.000000
157 1548064719 1.800000 -1.000000 -101.000000 0.000000 0.000000
157 1548064720 1.800000 -1.000000 -101.000000 0.000000 0.000000
157 1548064721 1.800000 -1.000000 -101.000000 0.000000 0.000000
157 1548064722 1.800000 -1.000000 -101.000000 0.000000 0.000000
157 1548064723 2.800000 -1.000000 -101.000000 0.000000 0.000000
157 1548064724 2.800000 -1.000000 -101.000000 0.000000 0.000000
157 1548064725 2.800000 -1.000000 -101.000000 0.000000 0.000000
157 1548064726 2.800000 -1.000000 -101.000000 0.000000 0.000000
157 1548064727 2.800000 -1.000000 -101.000000 0.000000 0.000000
157 1548064728 1.200000 -1.000000 -101.000000 0.000000 0.000000
157 1548064729 1.200000 -1.000000 -101.000000 0.000000 0.000000
157 1548064730 1.200000 -1.000000 -101.000000 0.000000 0.000000
157 1548064731 1.200000 -1.000000 -101.000000 0.000000 0.000000
157 1548064732 1.200000 -1.000000 -101.000000 0.000000 0.000000
157 1548064733 2.600000 -1.000000 -101.000000 0.000000 0.000000
157 1548064734 2.600000 -1.000000 -101.000000 0.000000 0.000000
157 1548064735 2.600000 -1.000000 -101.000000 0.000000 0.000000
157 1548064736 2.600000 -1.000000 -101.000000 0.000000 0.000000
157 1548064737 2.600000 -1.000000 -101.000000 0.000000 0.000000
157 1548064738 2.800000 -1.000000 -101.000000 0.000000 0.000000
157 1548064739 2.800000 -1.000000 -101.000000 0.000000 0.000000
157 1548064740 2.800000 -1.000000 -101.000000 0.000000 0.000000
157 1548064741 2.800000 -1.000000 -101.000000 0.000000 0.000000
157 1548064742 2.800000 -1.000000 -101.000000 0.000000 0.000000
157 1548064743 1.600000 -1.000000 -101.000000 0.000000 0.000000
157 1548064744 1.600000 -1.000000 -101.000000 0.000000 0.000000
157 1548064745 1.600000 -1.000000 -101.000000 0.000000 0.000000
157 1548064746 1.600000 -1.000000 -101.000000 0.000000 0.000000
157 1548064747 1.600000 -1.000000 -101.000000 0.000000 0.000000
157 1548064748 2.000000 -1.000000 -101.000000 0.000000 0.000000
157 1548064749 2.000000 -1.000000 -101.000000 0.000000 0.000000
157 1548064750 2.000000 -1.000000 -101.000000 0.000000 0.000000
157 1548064751 2.000000 -1.000000 -101.000000 0.000000 0.000000
157 1548064752 2.000000 -1.000000 -101.000000 0.000000 0.000000
157 1548064753 3.000000 -1.000000 -101.000000 0.000000 0.000000
157 1548064754 3.000000 -1.000000 -101.000000 0.000000 0.000000
157 1548064755 3.000000 -1.000000 -101.000000 0.000000 0.000000
157 1548064756 3.000000 -1.000000 -101.000000 0.000000 0.000000
157 1548064757 3.000000 -1.000000 -101.000000 0.000000 0.000000
157 1548064758 1.800000 -1.000000 -101.000000 0.000000 0.000000
157 1548064759 1.800000 -1.000000 -101.000000 0.000000 0.000000
157 1548064760 1.800000 -1.000000 -101.000000 0.000000 0.000000
157 1548064761 1.800000 -1.000000 -101.000000 0.000000 0.000000
157 1548064762 1.800000 -1.000000 -101.000000 0.000000 0.000000
157 1548064763 2.000000 -1.000000 -101.000000 0.000000 0.000000
157 1548064764 2.000000 -1.000000 -101.000000 0.000000 0.000000
157 1548064765 2.000000 -1.000000 -101.000000 0.000000 0.000000
157 1548064766 2.000000 -1.000000 -101.000000 0.000000 0.000000
157 1548064767 2.000000 -1.000000 -101.000000 0.000000 0.000000
157 1548064768 2.800000 -1.000000 -101.000000 0.000000 0.000000
157 1548064769 2.800000 -1.000000 -101.000000 0.000000 0.000000
157 1548064770 2.800000 -1.000000 -101.000000 0.000000 0.000000
157 1548064771 2.800000 -1.000000 -101.000000 0.000000 0.000000
157 1548064772 2.800000 -1.000000 -101.000000 0.000000 0.000000
157 1548064773 1.600000 -1.000000 -101.000000 0.000000 0.000000
157 1548064774 1.600000 -1.000000 -101.000000 0.000000 0.000000
157 1548064775 1.600000 -1.000000 -101.000000 0.000000 0.000000
157 1548064776 1.600000 -1.000000 -101.000000 0.000000 0.000000
157 1548064777 1.600000 -1.000000 -101.000000 0.000000 0.000000
157 1548064778 3.000000 -1.000000 -101.000000 0.000000 0.000000
157 1548064779 3.000000 -1.000000 -101.000000 0.000000 0.000000
157 1548064780 3.000000 -1.000000 -101.000000 0.000000 0.000000
157 1548064781 3.000000 -1.000000 -101.000000 0.000000 0.000000
157 1548064782 3.000000 -1.000000 -101.000000 0.000000 0.000000
157 1548064783 1.600000 -1.000000 -101.000000 0.000000 0.000000
157 1548064784 1.600000 -1.000000 -101.000000 0.000000 0.000000
157 1548064785 1.600000 -1.000000 -101.000000 0.000000 0.000000
157 1548064786 1.600000 -1.000000 -101.000000 0.000000 0.000000
157 1548064787 1.600000 -1.000000 -101.000000 0.000000 0.000000
157 1548064788 1.600000 -1.000000 -101.000000 0.000000 0.000000
157 1548064789 1.600000 -1.000000 -101.000000 0.000000 0.000000
157 1548064790 1.600000 -1.000000 -101.000000 0.000000 0.000000
157 1548064791 1.600000 -1.000000 -101.000000 0.000000 0.000000
157 1548064792 1.600000 -1.000000 -101.000000 0.000000 0.000000
157 1548064793 2.000000 -1.000000 -101.000000 0.000000 0.000000
157 1548064794 2.000000 -1.000000 -101.000000 0.000000 0.000000
157 1548064795 2.000000 -1.000000 -101.000000 0.000000 0.000000
157 1548064796 2.000000 -1.000000 -101.000000 0.000000 0.000000
157 1548064797 2.000000 -1.000000 -101.000000 0.000000 0.000000
157 1548064798 2.000000 -1.000000 -101.000000 0.000000 0.000000
157 1548064799 2.000000 -1.000000 -101.000000 0.000000 0.000000
157 1548064800 2.000000 -1.000000 -101.000000 0.000000 0.000000
157 1548064801 2.000000 -1.000000 -101.000000 0.000000 0.000000
157 1548064802 2.000000 -1.000000 -101.000000 0.000000 0.000000
157 1548064803 2.800000 -1.000000 -101.000000 0.000000 0.000000
157 1548064804 2.800000 -1.000000 -101.000000 0.000000 0.000000
157 1548064805 2.800000 -1.000000 -101.000000 0.000000 0.000000
157 1548064806 2.800000 -1.000000 -101.000000 0.000000 0.000000
157 1548064807 2.800000 -1.000000 -101.000000 0.000000 0.000000
157 1548064808 2.400000 -1.000000 -101.000000 0.000000 0.000000
157 1548064809 2.400000 -1.000000 -101.000000 0.000000 0.000000
157 1548064810 2.400000 -1.000000 -101.000000 0.000000 0.000000
157 1548064811 2.400000 -1.000000 -101.000000 0.000000 0.000000
157 1548064812 2.400000 -1.000000 -101.000000 0.000000 0.000000
157 1548064813 1.800000 -1.000000 -101.000000 0.000000 0.000000
157 1548064814 1.800000 -1.000000 -101.000000 0.000000 0.000000
157 1548064815 1.800000 -1.000000 -101.000000 0.000000 0.000000
157 1548064816 1.800000 -1.000000 -101.000000 0.000000 0.000000
157 1548064817 1.800000 -1.000000 -101.000000 0.000000 0.000000
157 1548064818 2.800000 -1.000000 -101.000000 0.000000 0.000000
157 1548064819 2.800000 -1.000000 -101.000000 0.000000 0.000000
157 1548064820 2.800000 -1.000000 -101.000000 0.000000 0.000000
157 1548064821 2.800000 -1.000000 -101.000000 0.000000 0.000000
157 1548064822 2.800000 -1.000000 -101.000000 0.000000 0.000000
157 1548064823 2.000000 -1.000000 -101.000000 0.000000 0.000000
157 1548064824 2.000000 -1.000000 -101.000000 0.000000 0.000000
157 1548064825 2.000000 -1.000000 -101.000000 0.000000 0.000000
157 1548064826 2.000000 -1.000000 -101.000000 0.000000 0.000000
157 1548064827 2.000000 -1.000000 -101.000000 0.000000 0.000000
157 1548064828 1.400000 -1.000000 -101.000000 0.000000 0.000000
157 1548064829 1.400000 -1.000000 -101.000000 0.000000 0.000000
157 1548064830 1.400000 -1.000000 -101.000000 0.000000 0.000000
157 1548064831 1.400000 -1.000000 -101.000000 0.000000 0.000000
157 1548064832 1.400000 -1.000000 -101.000000 0.000000 0.000000
157 1548064833 3.200000 -1.000000 -101.000000 0.000000 0.000000
157 1548064834 3.200000 -1.000000 -101.000000 0.000000 0.000000
157 1548064835 3.200000 -1.000000 -101.000000 0.000000 0.000000
157 1548064836 3.200000 -1.000000 -101.000000 0.000000 0.000000
157 1548064837 3.200000 -1.000000 -101.000000 0.000000 0.000000
157 1548064838 3.200000 -1.000000 -101.000000 0.000000 0.000000
157 1548064839 3.200000 -1.000000 -101.000000 0.000000 0.000000
157 1548064840 3.200000 -1.000000 -101.000000 0.000000 0.000000
157 1548064841 3.200000 -1.000000 -101.000000 0.000000 0.000000
157 1548064842 3.200000 -1.000000 -101.000000 0.000000 0.000000
157 1548064843 2.000000 -1.000000 -101.000000 0.000000 0.000000
157 1548064844 2.000000 -1.000000 -101.000000 0.000000 0.000000
157 1548064845 2.000000 -1.000000 -101.000000 0.000000 0.000000
157 1548064846 2.000000 -1.000000 -101.000000 0.000000 0.000000
157 1548064847 2.000000 -1.000000 -101.000000 0.000000 0.000000
157 1548064848 2.400000 -1.000000 -101.000000 0.000000 0.000000
157 1548064849 2.400000 -1.000000 -101.000000 0.000000 0.000000
157 1548064850 2.400000 -1.000000 -101.000000 0.000000 0.000000
157 1548064851 2.400000 -1.000000 -101.000000 0.000000 0.000000
157 1548064852 2.400000 -1.000000 -101.000000 0.000000 0.000000
157 1548064853 2.000000 -1.000000 -101.000000 0.000000 0.000000
157 1548064854 2.000000 -1.000000 -101.000000 0.000000 0.000000
157 1548064855 2.000000 -1.000000 -101.000000 0.000000 0.000000
157 1548064856 2.000000 -1.000000 -101.000000 0.000000 0.000000
157 1548064857 2.000000 -1.000000 -101.000000 0.000000 0.000000
157 1548064858 1.400000 -1.000000 -101.000000 0.000000 0.000000
157 1548064859 1.400000 -1.000000 -101.000000 0.000000 0.000000
157 1548064860 1.400000 -1.000000 -101.000000 0.000000 0.000000
157 1548064861 1.400000 -1.000000 -101.000000 0.000000 0.000000
157 1548064862 1.400000 -1.000000 -101.000000 0.000000 0.000000
157 1548064863 3.200000 -1.000000 -101.000000 0.000000 0.000000
157 1548064864 3.200000 -1.000000 -101.000000 0.000000 0.000000
157 1548064865 3.200000 -1.000000 -101.000000 0.000000 0.000000
157 1548064866 3.200000 -1.000000 -101.000000 0.000000 0.000000
157 1548064867 3.200000 -1.000000 -101.000000 0.000000 0.000000
157 1548064868 2.000000 -1.000000 -101.000000 0.000000 0.000000
157 1548064869 2.000000 -1.000000 -101.000000 0.000000 0.000000
157 1548064870 2.000000 -1.000000 -101.000000 0.000000 0.000000
157 1548064871 2.000000 -1.000000 -101.000000 0.000000 0.000000
157 1548064872 2.000000 -1.000000 -101.000000 0.000000 0.000000
157 1548064873 3.200000 -1.000000 -101.000000 0.000000 0.000000
157 1548064874 3.200000 -1.000000 -101.000000 0.000000 0.000000
157 1548064875 3.200000 -1.000000 -101.000000 0.000000 0.000000
157 1548064876 3.200000 -1.000000 -101.000000 0.000000 0.000000
157 1548064877 3.200000 -1.000000 -101.000000 0.000000 0.000000
157 1548064878 2.200000 -1.000000 -101.000000 0.000000 0.000000
157 1548064879 2.200000 -1.000000 -101.000000 0.000000 0.000000
157 1548064880 2.200000 -1.000000 -101.000000 0.000000 0.000000
157 1548064881 2.200000 -1.000000 -101.000000 0.000000 0.000000
157 1548064882 2.200000 -1.000000 -101.000000 0.000000 0.000000
157 1548064883 1.800000 -1.000000 -101.000000 0.000000 0.000000
157 1548064884 1.800000 -1.000000 -101.000000 0.000000 0.000000
157 1548064885 1.800000 -1.000000 -101.000000 0.000000 0.000000
157 1548064886 1.800000 -1.000000 -101.000000 0.000000 0.000000
157 1548064887 1.800000 -1.000000 -101.000000 0.000000 0.000000
157 1548064888 2.600000 -1.000000 -101.000000 0.000000 0.000000
157 1548064889 2.600000 -1.000000 -101.000000 0.000000 0.000000
157 1548064890 2.600000 -1.000000 -101.000000 0.000000 0.000000
157 1548064891 2.600000 -1.000000 -101.000000 0.000000 0.000000
157 1548064892 2.600000 -1.000000 -101.000000 0.000000 0.000000
157 1548064893 2.000000 -1.000000 -101.000000 0.000000 0.000000
157 1548064894 2.000000 -1.000000 -101.000000 0.000000 0.000000
157 1548064895 2.000000 -1.000000 -101.000000 0.000000 0.000000
157 1548064896 2.000000 -1.000000 -101.000000 0.000000 0.000000
157 1548064897 2.000000 -1.000000 -101.000000 0.000000 0.000000
157 1548064898 2.200000 -1.000000 -101.000000 0.000000 0.000000
157 1548064899 2.200000 -1.000000 -101.000000 0.000000 0.000000
157 1548064900 2.200000 -1.000000 -101.000000 0.000000 0.000000
157 1548064901 2.200000 -1.000000 -101.000000 0.000000 0.000000
157 1548064902 2.200000 -1.000000 -101.000000 0.000000 0.000000
157 1548064903 2.000000 -1.000000 -101.000000 0.000000 0.000000
157 1548064904 2.000000 -1.000000 -101.000000 0.000000 0.000000
157 1548064905 2.000000 -1.000000 -101.000000 0.000000 0.000000
157 1548064906 2.000000 -1.000000 -101.000000 0.000000 0.000000
157 1548064907 2.000000 -1.000000 -101.000000 0.000000 0.000000
157 1548064908 1.400000 -1.000000 -101.000000 0.000000 0.000000
157 1548064909 1.400000 -1.000000 -101.000000 0.000000 0.000000
157 1548064910 1.400000 -1.000000 -101.000000 0.000000 0.000000
157 1548064911 1.400000 -1.000000 -101.000000 0.000000 0.000000
157 1548064912 1.400000 -1.000000 -101.000000 0.000000 0.000000
157 1548064913 2.400000 -1.000000 -101.000000 0.000000 0.000000
157 1548064914 2.400000 -1.000000 -101.000000 0.000000 0.000000
157 1548064915 2.400000 -1.000000 -101.000000 0.000000 0.000000
157 1548064916 2.400000 -1.000000 -101.000000 0.000000 0.000000
157 1548064917 2.400000 -1.000000 -101.000000 0.000000 0.000000
157 1548064918 2.400000 -1.000000 -101.000000 0.000000 0.000000
157 1548064919 2.400000 -1.000000 -101.000000 0.000000 0.000000
157 1548064920 2.400000 -1.000000 -101.000000 0.000000 0.000000
157 1548064921 2.400000 -1.000000 -101.000000 0.000000 0.000000
157 1548064922 2.400000 -1.000000 -101.000000 0.000000 0.000000
157 1548064923 2.200000 -1.000000 -101.000000 0.000000 0.000000
157 1548064924 2.200000 -1.000000 -101.000000 0.000000 0.000000
157 1548064925 2.200000 -1.000000 -101.000000 0.000000 0.000000
157 1548064926 2.200000 -1.000000 -101.000000 0.000000 0.000000
157 1548064927 2.200000 -1.000000 -101.000000 0.000000 0.000000
157 1548064928 1.400000 -1.000000 -101.000000 0.000000 0.000000
157 1548064929 1.400000 -1.000000 -101.000000 0.000000 0.000000
157 1548064930 1.400000 -1.000000 -101.000000 0.000000 0.000000
157 1548064931 1.400000 -1.000000 -101.000000 0.000000 0.000000
157 1548064932 1.400000 -1.000000 -101.000000 0.000000 0.000000
157 1548064933 2.400000 -1.000000 -101.000000 0.000000 0.000000
157 1548064934 2.400000 -1.000000 -101.000000 0.000000 0.000000
157 1548064935 2.400000 -1.000000 -101.000000 0.000000 0.000000
157 1548064936 2.400000 -1.000000 -101.000000 0.000000 0.000000
157 1548064937 2.400000 -1.000000 -101.000000 0.000000 0.000000
157 1548064938 2.000000 -1.000000 -101.000000 0.000000 0.000000
157 1548064939 2.000000 -1.000000 -101.000000 0.000000 0.000000
157 1548064940 2.000000 -1.000000 -101.000000 0.000000 0.000000
157 1548064941 2.000000 -1.000000 -101.000000 0.000000 0.000000
157 1548064942 2.000000 -1.000000 -101.000000 0.000000 0.000000
157 1548064943 2.200000 -1.000000 -101.000000 0.000000 0.000000
157 1548064944 2.200000 -1.000000 -101.000000 0.000000 0.000000
157 1548064945 2.200000 -1.000000 -101.000000 0.000000 0.000000
157 1548064946 2.200000 -1.000000 -101.000000 0.000000 0.000000
157 1548064947 2.200000 -1.000000 -101.000000 0.000000 0.000000
157 1548064948 2.000000 -1.000000 -101.000000 0.000000 0.000000
157 1548064949 2.000000 -1.000000 -101.000000 0.000000 0.000000
157 1548064950 2.000000 -1.000000 -101.000000 0.000000 0.000000
157 1548064951 2.000000 -1.000000 -101.000000 0.000000 0.000000
157 1548064952 2.000000 -1.000000 -101.000000 0.000000 0.000000
157 1548064953 2.600000 -1.000000 -101.000000 0.000000 0.000000
157 1548064954 2.600000 -1.000000 -101.000000 0.000000 0.000000
157 1548064955 2.600000 -1.000000 -101.000000 0.000000 0.000000
157 1548064956 2.600000 -1.000000 -101.000000 0.000000 0.000000
157 1548064957 2.600000 -1.000000 -101.000000 0.000000 0.000000
157 1548064958 4.200000 -1.000000 -101.000000 0.000000 0.000000
157 1548064959 4.200000 -1.000000 -101.000000 0.000000 0.000000
157 1548064960 4.200000 -1.000000 -101.000000 0.000000 0.000000
157 1548064961 4.200000 -1.000000 -101.000000 0.000000 0.000000
157 1548064962 4.200000 -1.000000 -101.000000 0.000000 0.000000
157 1548064963 2.000000 -1.000000 -101.000000 0.000000 0.000000
157 1548064964 2.000000 -1.000000 -101.000000 0.000000 0.000000
157 1548064965 2.000000 -1.000000 -101.000000 0.000000 0.000000
157 1548064966 2.000000 -1.000000 -101.000000 0.000000 0.000000
157 1548064967 2.000000 -1.000000 -101.000000 0.000000 0.000000
157 1548064968 2.400000 -1.000000 -101.000000 0.000000 0.000000
157 1548064969 2.400000 -1.000000 -101.000000 0.000000 0.000000
157 1548064970 2.400000 -1.000000 -101.000000 0.000000 0.000000
157 1548064971 2.400000 -1.000000 -101.000000 0.000000 0.000000
157 1548064972 2.400000 -1.000000 -101.000000 0.000000 0.000000
157 1548064973 2.000000 -1.000000 -101.000000 0.000000 0.000000
157 1548064974 2.000000 -1.000000 -101.000000 0.000000 0.000000
157 1548064975 2.000000 -1.000000 -101.000000 0.000000 0.000000
157 1548064976 2.000000 -1.000000 -101.000000 0.000000 0.000000
157 1548064977 2.000000 -1.000000 -101.000000 0.000000 0.000000
157 1548064978 2.000000 -1.000000 -101.000000 0.000000 0.000000
157 1548064979 2.000000 -1.000000 -101.000000 0.000000 0.000000
157 1548064980 2.000000 -1.000000 -101.000000 0.000000 0.000000
157 1548064981 2.000000 -1.000000 -101.000000 0.000000 0.000000
157 1548064982 2.000000 -1.000000 -101.000000 0.000000 0.000000
157 1548064983 2.000000 -1.000000 -101.000000 0.000000 0.000000
157 1548064984 2.000000 -1.000000 -101.000000 0.000000 0.000000
157 1548064985 2.000000 -1.000000 -101.000000 0.000000 0.000000
157 1548064986 2.000000 -1.000000 -101.000000 0.000000 0.000000
157 1548064987 2.000000 -1.000000 -101.000000 0.000000 0.000000
157 1548064988 1.800000 -1.000000 -101.000000 0.000000 0.000000
157 1548064989 1.800000 -1.000000 -101.000000 0.000000 0.000000
157 1548064990 1.800000 -1.000000 -101.000000 0.000000 0.000000
157 1548064991 1.800000 -1.000000 -101.000000 0.000000 0.000000
157 1548064992 1.800000 -1.000000 -101.000000 0.000000 0.000000
157 1548064993 1.800000 -1.000000 -101.000000 0.000000 0.000000
157 1548064994 1.800000 -1.000000 -101.000000 0.000000 0.000000
157 1548064995 1.800000 -1.000000 -101.000000 0.000000 0.000000
157 1548064996 1.800000 -1.000000 -101.000000 0.000000 0.000000
157 1548064997 1.800000 -1.000000 -101.000000 0.000000 0.000000
157 1548064998 2.800000 -1.000000 -101.000000 0.000000 0.000000
157 1548064999 2.800000 -1.000000 -101.000000 0.000000 0.000000
157 1548065000 2.800000 -1.000000 -101.000000 0.000000 0.000000
157 1548065001 2.800000 -1.000000 -101.000000 0.000000 0.000000
157 1548065002 2.800000 -1.000000 -101.000000 0.000000 0.000000
157 1548065003 3.400000 -1.000000 -101.000000 0.000000 0.000000
157 1548065004 3.400000 -1.000000 -101.000000 0.000000 0.000000
157 1548065005 3.400000 -1.000000 -101.000000 0.000000 0.000000
157 1548065006 3.400000 -1.000000 -101.000000 0.000000 0.000000
157 1548065007 3.400000 -1.000000 -101.000000 0.000000 0.000000
157 1548065008 1.600000 -1.000000 -101.000000 0.000000 0.000000
157 1548065009 1.600000 -1.000000 -101.000000 0.000000 0.000000
157 1548065010 1.600000 -1.000000 -101.000000 0.000000 0.000000
157 1548065011 1.600000 -1.000000 -101.000000 0.000000 0.000000
157 1548065012 1.600000 -1.000000 -101.000000 0.000000 0.000000
157 1548065013 2.000000 -1.000000 -101.000000 0.000000 0.000000
157 1548065014 2.000000 -1.000000 -101.000000 0.000000 0.000000
157 1548065015 2.000000 -1.000000 -101.000000 0.000000 0.000000
157 1548065016 2.000000 -1.000000 -101.000000 0.000000 0.000000
157 1548065017 2.000000 -1.000000 -101.000000 0.000000 0.000000
157 1548065018 2.000000 -1.000000 -101.000000 0.000000 0.000000
157 1548065019 2.000000 -1.000000 -101.000000 0.000000 0.000000
157 1548065020 2.000000 -1.000000 -101.000000 0.000000 0.000000
157 1548065021 2.000000 -1.000000 -101.000000 0.000000 0.000000
157 1548065022 2.000000 -1.000000 -101.000000 0.000000 0.000000
157 1548065023 3.800000 -1.000000 -101.000000 0.000000 0.000000
157 1548065024 3.800000 -1.000000 -101.000000 0.000000 0.000000
157 1548065025 3.800000 -1.000000 -101.000000 0.000000 0.000000
157 1548065026 3.800000 -1.000000 -101.000000 0.000000 0.000000
157 1548065027 3.800000 -1.000000 -101.000000 0.000000 0.000000
157 1548065028 0.600000 -1.000000 -101.000000 0.000000 0.000000
157 1548065029 0.600000 -1.000000 -101.000000 0.000000 0.000000
157 1548065030 0.600000 -1.000000 -101.000000 0.000000 0.000000
157 1548065031 0.600000 -1.000000 -101.000000 0.000000 0.000000
157 1548065032 0.600000 -1.000000 -101.000000 0.000000 0.000000
157 1548065033 2.600000 -1.000000 -101.000000 0.000000 0.000000
157 1548065034 2.600000 -1.000000 -101.000000 0.000000 0.000000
157 1548065035 2.600000 -1.000000 -101.000000 0.000000 0.000000
157 1548065036 2.600000 -1.000000 -101.000000 0.000000 0.000000
157 1548065037 2.600000 -1.000000 -101.000000 0.000000 0.000000
157 1548065038 1.600000 -1.000000 -101.000000 0.000000 0.000000
157 1548065039 1.600000 -1.000000 -101.000000 0.000000 0.000000
157 1548065040 1.600000 -1.000000 -101.000000 0.000000 0.000000
157 1548065041 1.600000 -1.000000 -101.000000 0.000000 0.000000
157 1548065042 1.600000 -1.000000 -101.000000 0.000000 0.000000
157 1548065043 2.400000 -1.000000 -101.000000 0.000000 0.000000
157 1548065044 2.400000 -1.000000 -101.000000 0.000000 0.000000
157 1548065045 2.400000 -1.000000 -101.000000 0.000000 0.000000
157 1548065046 2.400000 -1.000000 -101.000000 0.000000 0.000000
157 1548065047 2.400000 -1.000000 -101.000000 0.000000 0.000000
157 1548065048 2.800000 -1.000000 -101.000000 0.000000 0.000000
157 1548065049 2.800000 -1.000000 -101.000000 0.000000 0.000000
157 1548065050 2.800000 -1.000000 -101.000000 0.000000 0.000000
157 1548065051 2.800000 -1.000000 -101.000000 0.000000 0.000000
157 1548065052 2.800000 -1.000000 -101.000000 0.000000 0.000000
157 1548065053 2.600000 -1.000000 -101.000000 0.000000 0.000000
157 1548065054 2.600000 -1.000000 -101.000000 0.000000 0.000000
157 1548065055 2.600000 -1.000000 -101.000000 0.000000 0.000000
157 1548065056 2.600000 -1.000000 -101.000000 0.000000 0.000000
157 1548065057 2.600000 -1.000000 -101.000000 0.000000 0.000000
157 1548065058 1.600000 -1.000000 -101.000000 0.000000 0.000000
157 1548065059 1.600000 -1.000000 -101.000000 0.000000 0.000000
157 1548065060 1.600000 -1.000000 -101.000000 0.000000 0.000000
157 1548065061 1.600000 -1.000000 -101.000000 0.000000 0.000000
157 1548065062 1.600000 -1.000000 -101.000000 0.000000 0.000000
157 1548065063 3.000000 -1.000000 -101.000000 0.000000 0.000000
157 1548065064 3.000000 -1.000000 -101.000000 0.000000 0.000000
157 1548065065 3.000000 -1.000000 -101.000000 0.000000 0.000000
157 1548065066 3.000000 -1.000000 -101.000000 0.000000 0.000000
157 1548065067 3.000000 -1.000000 -101.000000 0.000000 0.000000
157 1548065068 2.000000 -1.000000 -101.000000 0.000000 0.000000
157 1548065069 2.000000 -1.000000 -101.000000 0.000000 0.000000
157 1548065070 2.000000 -1.000000 -101.000000 0.000000 0.000000
157 1548065071 2.000000 -1.000000 -101.000000 0.000000 0.000000
157 1548065072 2.000000 -1.000000 -101.000000 0.000000 0.000000
157 1548065073 1.200000 -1.000000 -101.000000 0.000000 0.000000
157 1548065074 1.200000 -1.000000 -101.000000 0.000000 0.000000
157 1548065075 1.200000 -1.000000 -101.000000 0.000000 0.000000
157 1548065076 1.200000 -1.000000 -101.000000 0.000000 0.000000
157 1548065077 1.200000 -1.000000 -101.000000 0.000000 0.000000
157 1548065078 2.400000 -1.000000 -101.000000 0.000000 0.000000
157 1548065079 2.400000 -1.000000 -101.000000 0.000000 0.000000
157 1548065080 2.400000 -1.000000 -101.000000 0.000000 0.000000
157 1548065081 2.400000 -1.000000 -101.000000 0.000000 0.000000
157 1548065082 2.400000 -1.000000 -101.000000 0.000000 0.000000
157 1548065083 2.200000 -1.000000 -101.000000 0.000000 0.000000
157 1548065084 2.200000 -1.000000 -101.000000 0.000000 0.000000
157 1548065085 2.200000 -1.000000 -101.000000 0.000000 0.000000
157 1548065086 2.200000 -1.000000 -101.000000 0.000000 0.000000
157 1548065087 2.200000 -1.000000 -101.000000 0.000000 0.000000
157 1548065088 2.000000 -1.000000 -101.000000 0.000000 0.000000
157 1548065089 2.000000 -1.000000 -101.000000 0.000000 0.000000
157 1548065090 2.000000 -1.000000 -101.000000 0.000000 0.000000
157 1548065091 2.000000 -1.000000 -101.000000 0.000000 0.000000
157 1548065092 2.000000 -1.000000 -101.000000 0.000000 0.000000
157 1548065093 1.600000 -1.000000 -101.000000 0.000000 0.000000
157 1548065094 1.600000 -1.000000 -101.000000 0.000000 0.000000
157 1548065095 1.600000 -1.000000 -101.000000 0.000000 0.000000
157 1548065096 1.600000 -1.000000 -101.000000 0.000000 0.000000
157 1548065097 1.600000 -1.000000 -101.000000 0.000000 0.000000
157 1548065098 2.800000 -1.000000 -101.000000 0.000000 0.000000
157 1548065099 2.800000 -1.000000 -101.000000 0.000000 0.000000
157 1548065100 2.800000 -1.000000 -101.000000 0.000000 0.000000
157 1548065101 2.800000 -1.000000 -101.000000 0.000000 0.000000
157 1548065102 2.800000 -1.000000 -101.000000 0.000000 0.000000
157 1548065103 2.400000 -1.000000 -101.000000 0.000000 0.000000
157 1548065104 2.400000 -1.000000 -101.000000 0.000000 0.000000
157 1548065105 2.400000 -1.000000 -101.000000 0.000000 0.000000
157 1548065106 2.400000 -1.000000 -101.000000 0.000000 0.000000
157 1548065107 2.400000 -1.000000 -101.000000 0.000000 0.000000
157 1548065108 2.600000 -1.000000 -101.000000 0.000000 0.000000
157 1548065109 2.600000 -1.000000 -101.000000 0.000000 0.000000
157 1548065110 2.600000 -1.000000 -101.000000 0.000000 0.000000
157 1548065111 2.600000 -1.000000 -101.000000 0.000000 0.000000
157 1548065112 2.600000 -1.000000 -101.000000 0.000000 0.000000
157 1548065113 1.200000 -1.000000 -101.000000 0.000000 0.000000
157 1548065114 1.200000 -1.000000 -101.000000 0.000000 0.000000
157 1548065115 1.200000 -1.000000 -101.000000 0.000000 0.000000
157 1548065116 1.200000 -1.000000 -101.000000 0.000000 0.000000
157 1548065117 1.200000 -1.000000 -101.000000 0.000000 0.000000
157 1548065118 2.400000 -1.000000 -101.000000 0.000000 0.000000
157 1548065119 2.400000 -1.000000 -101.000000 0.000000 0.000000
157 1548065120 2.400000 -1.000000 -101.000000 0.000000 0.000000
157 1548065121 2.400000 -1.000000 -101.000000 0.000000 0.000000
157 1548065122 2.400000 -1.000000 -101.000000 0.000000 0.000000
157 1548065123 2.600000 -1.000000 -101.000000 0.000000 0.000000
157 1548065124 2.600000 -1.000000 -101.000000 0.000000 0.000000
157 1548065125 2.600000 -1.000000 -101.000000 0.000000 0.000000
157 1548065126 2.600000 -1.000000 -101.000000 0.000000 0.000000
157 1548065127 2.600000 -1.000000 -101.000000 0.000000 0.000000
157 1548065128 2.000000 -1.000000 -101.000000 0.000000 0.000000
157 1548065129 2.000000 -1.000000 -101.000000 0.000000 0.000000
157 1548065130 2.000000 -1.000000 -101.000000 0.000000 0.000000
157 1548065131 2.000000 -1.000000 -101.000000 0.000000 0.000000
157 1548065132 2.000000 -1.000000 -101.000000 0.000000 0.000000
157 1548065133 1.400000 -1.000000 -101.000000 0.000000 0.000000
157 1548065134 1.400000 -1.000000 -101.000000 0.000000 0.000000
157 1548065135 1.400000 -1.000000 -101.000000 0.000000 0.000000
157 1548065136 1.400000 -1.000000 -101.000000 0.000000 0.000000
157 1548065137 1.400000 -1.000000 -101.000000 0.000000 0.000000
157 1548065138 2.400000 -1.000000 -101.000000 0.000000 0.000000
157 1548065139 2.400000 -1.000000 -101.000000 0.000000 0.000000
157 1548065140 2.400000 -1.000000 -101.000000 0.000000 0.000000
157 1548065141 2.400000 -1.000000 -101.000000 0.000000 0.000000
157 1548065142 2.400000 -1.000000 -101.000000 0.000000 0.000000
157 1548065143 1.800000 -1.000000 -101.000000 0.000000 0.000000
157 1548065144 1.800000 -1.000000 -101.000000 0.000000 0.000000
157 1548065145 1.800000 -1.000000 -101.000000 0.000000 0.000000
157 1548065146 1.800000 -1.000000 -101.000000 0.000000 0.000000
157 1548065147 1.800000 -1.000000 -101.000000 0.000000 0.000000
157 1548065148 3.000000 -1.000000 -101.000000 0.000000 0.000000
157 1548065149 3.000000 -1.000000 -101.000000 0.000000 0.000000
157 1548065150 3.000000 -1.000000 -101.000000 0.000000 0.000000
157 1548065151 3.000000 -1.000000 -101.000000 0.000000 0.000000
157 1548065152 3.000000 -1.000000 -101.000000 0.000000 0.000000
157 1548065153 1.600000 -1.000000 -101.000000 0.000000 0.000000
157 1548065154 1.600000 -1.000000 -101.000000 0.000000 0.000000
157 1548065155 1.600000 -1.000000 -101.000000 0.000000 0.000000
157 1548065156 1.600000 -1.000000 -101.000000 0.000000 0.000000
157 1548065157 1.600000 -1.000000 -101.000000 0.000000 0.000000
157 1548065158 2.400000 -1.000000 -101.000000 0.000000 0.000000
157 1548065159 2.400000 -1.000000 -101.000000 0.000000 0.000000
157 1548065160 2.400000 -1.000000 -101.000000 0.000000 0.000000
157 1548065161 2.400000 -1.000000 -101.000000 0.000000 0.000000
157 1548065162 2.400000 -1.000000 -101.000000 0.000000 0.000000
157 1548065163 3.200000 -1.000000 -101.000000 0.000000 0.000000
157 1548065164 3.200000 -1.000000 -101.000000 0.000000 0.000000
157 1548065165 3.200000 -1.000000 -101.000000 0.000000 0.000000
157 1548065166 3.200000 -1.000000 -101.000000 0.000000 0.000000
157 1548065167 3.200000 -1.000000 -101.000000 0.000000 0.000000
157 1548065168 1.200000 -1.000000 -101.000000 0.000000 0.000000
157 1548065169 1.200000 -1.000000 -101.000000 0.000000 0.000000
157 1548065170 1.200000 -1.000000 -101.000000 0.000000 0.000000
157 1548065171 1.200000 -1.000000 -101.000000 0.000000 0.000000
157 1548065172 1.200000 -1.000000 -101.000000 0.000000 0.000000
157 1548065173 1.800000 -1.000000 -101.000000 0.000000 0.000000
157 1548065174 1.800000 -1.000000 -101.000000 0.000000 0.000000
157 1548065175 1.800000 -1.000000 -101.000000 0.000000 0.000000
157 1548065176 1.800000 -1.000000 -101.000000 0.000000 0.000000
157 1548065177 1.800000 -1.000000 -101.000000 0.000000 0.000000
157 1548065178 2.800000 -1.000000 -101.000000 0.000000 0.000000
157 1548065179 2.800000 -1.000000 -101.000000 0.000000 0.000000
157 1548065180 2.800000 -1.000000 -101.000000 0.000000 0.000000
157 1548065181 2.800000 -1.000000 -101.000000 0.000000 0.000000
157 1548065182 2.800000 -1.000000 -101.000000 0.000000 0.000000
157 1548065183 2.000000 -1.000000 -101.000000 0.000000 0.000000
157 1548065184 2.000000 -1.000000 -101.000000 0.000000 0.000000
157 1548065185 2.000000 -1.000000 -101.000000 0.000000 0.000000
157 1548065186 2.000000 -1.000000 -101.000000 0.000000 0.000000
157 1548065187 2.000000 -1.000000 -101.000000 0.000000 0.000000
157 1548065188 1.600000 -1.000000 -101.000000 0.000000 0.000000
157 1548065189 1.600000 -1.000000 -101.000000 0.000000 0.000000
157 1548065190 1.600000 -1.000000 -101.000000 0.000000 0.000000
157 1548065191 1.600000 -1.000000 -101.000000 0.000000 0.000000
157 1548065192 1.600000 -1.000000 -101.000000 0.000000 0.000000
157 1548065193 2.200000 -1.000000 -101.000000 0.000000 0.000000
157 1548065194 2.200000 -1.000000 -101.000000 0.000000 0.000000
157 1548065195 2.200000 -1.000000 -101.000000 0.000000 0.000000
157 1548065196 2.200000 -1.000000 -101.000000 0.000000 0.000000
157 1548065197 2.200000 -1.000000 -101.000000 0.000000 0.000000
157 1548065198 1.800000 -1.000000 -101.000000 0.000000 0.000000
157 1548065199 1.800000 -1.000000 -101.000000 0.000000 0.000000
157 1548065200 1.800000 -1.000000 -101.000000 0.000000 0.000000
157 1548065201 1.800000 -1.000000 -101.000000 0.000000 0.000000
157 1548065202 1.800000 -1.000000 -101.000000 0.000000 0.000000
157 1548065203 2.600000 -1.000000 -101.000000 0.000000 0.000000
157 1548065204 2.600000 -1.000000 -101.000000 0.000000 0.000000
157 1548065205 2.600000 -1.000000 -101.000000 0.000000 0.000000
157 1548065206 2.600000 -1.000000 -101.000000 0.000000 0.000000
157 1548065207 2.600000 -1.000000 -101.000000 0.000000 0.000000
157 1548065208 1.800000 -1.000000 -101.000000 0.000000 0.000000
157 1548065209 1.800000 -1.000000 -101.000000 0.000000 0.000000
157 1548065210 1.800000 -1.000000 -101.000000 0.000000 0.000000
157 1548065211 1.800000 -1.000000 -101.000000 0.000000 0.000000
157 1548065212 1.800000 -1.000000 -101.000000 0.000000 0.000000
157 1548065213 2.000000 -1.000000 -101.000000 0.000000 0.000000
157 1548065214 2.000000 -1.000000 -101.000000 0.000000 0.000000
157 1548065215 2.000000 -1.000000 -101.000000 0.000000 0.000000
157 1548065216 2.000000 -1.000000 -101.000000 0.000000 0.000000
157 1548065217 2.000000 -1.000000 -101.000000 0.000000 0.000000
157 1548065218 2.000000 -1.000000 -101.000000 0.000000 0.000000
157 1548065219 2.000000 -1.000000 -101.000000 0.000000 0.000000
157 1548065220 2.000000 -1.000000 -101.000000 0.000000 0.000000
157 1548065221 2.000000 -1.000000 -101.000000 0.000000 0.000000
157 1548065222 2.000000 -1.000000 -101.000000 0.000000 0.000000
157 1548065223 2.600000 -1.000000 -101.000000 0.000000 0.000000
157 1548065224 2.600000 -1.000000 -101.000000 0.000000 0.000000
157 1548065225 2.600000 -1.000000 -101.000000 0.000000 0.000000
157 1548065226 2.600000 -1.000000 -101.000000 0.000000 0.000000
157 1548065227 2.600000 -1.000000 -101.000000 0.000000 0.000000
157 1548065228 2.400000 -1.000000 -101.000000 0.000000 0.000000
157 1548065229 2.400000 -1.000000 -101.000000 0.000000 0.000000
157 1548065230 2.400000 -1.000000 -101.000000 0.000000 0.000000
157 1548065231 2.400000 -1.000000 -101.000000 0.000000 0.000000
157 1548065232 2.400000 -1.000000 -101.000000 0.000000 0.000000
157 1548065233 2.800000 -1.000000 -101.000000 0.000000 0.000000
157 1548065234 2.800000 -1.000000 -101.000000 0.000000 0.000000
157 1548065235 2.800000 -1.000000 -101.000000 0.000000 0.000000
157 1548065236 2.800000 -1.000000 -101.000000 0.000000 0.000000
157 1548065237 2.800000 -1.000000 -101.000000 0.000000 0.000000
157 1548065238 2.200000 -1.000000 -101.000000 0.000000 0.000000
157 1548065239 2.200000 -1.000000 -101.000000 0.000000 0.000000
157 1548065240 2.200000 -1.000000 -101.000000 0.000000 0.000000
157 1548065241 2.200000 -1.000000 -101.000000 0.000000 0.000000
157 1548065242 2.200000 -1.000000 -101.000000 0.000000 0.000000
157 1548065243 2.400000 -1.000000 -101.000000 0.000000 0.000000
157 1548065244 2.400000 -1.000000 -101.000000 0.000000 0.000000
157 1548065245 2.400000 -1.000000 -101.000000 0.000000 0.000000
157 1548065246 2.400000 -1.000000 -101.000000 0.000000 0.000000
157 1548065247 2.400000 -1.000000 -101.000000 0.000000 0.000000
157 1548065248 4.200000 -1.000000 -101.000000 0.000000 0.000000
157 1548065249 4.200000 -1.000000 -101.000000 0.000000 0.000000
157 1548065250 4.200000 -1.000000 -101.000000 0.000000 0.000000
157 1548065251 4.200000 -1.000000 -101.000000 0.000000 0.000000
157 1548065252 4.200000 -1.000000 -101.000000 0.000000 0.000000
157 1548065253 3.200000 -1.000000 -101.000000 0.000000 0.000000
157 1548065254 3.200000 -1.000000 -101.000000 0.000000 0.000000
157 1548065255 3.200000 -1.000000 -101.000000 0.000000 0.000000
157 1548065256 3.200000 -1.000000 -101.000000 0.000000 0.000000
157 1548065257 3.200000 -1.000000 -101.000000 0.000000 0.000000
157 1548065258 1.200000 -1.000000 -101.000000 0.000000 0.000000
157 1548065259 1.200000 -1.000000 -101.000000 0.000000 0.000000
157 1548065260 1.200000 -1.000000 -101.000000 0.000000 0.000000
157 1548065261 1.200000 -1.000000 -101.000000 0.000000 0.000000
157 1548065262 1.200000 -1.000000 -101.000000 0.000000 0.000000
157 1548065263 2.400000 -1.000000 -101.000000 0.000000 0.000000
157 1548065264 2.400000 -1.000000 -101.000000 0.000000 0.000000
157 1548065265 2.400000 -1.000000 -101.000000 0.000000 0.000000
157 1548065266 2.400000 -1.000000 -101.000000 0.000000 0.000000
157 1548065267 2.400000 -1.000000 -101.000000 0.000000 0.000000
157 1548065268 1.400000 -1.000000 -101.000000 0.000000 0.000000
157 1548065269 1.400000 -1.000000 -101.000000 0.000000 0.000000
157 1548065270 1.400000 -1.000000 -101.000000 0.000000 0.000000
157 1548065271 1.400000 -1.000000 -101.000000 0.000000 0.000000
157 1548065272 1.400000 -1.000000 -101.000000 0.000000 0.000000
157 1548065273 3.000000 -1.000000 -101.000000 0.000000 0.000000
157 1548065274 3.000000 -1.000000 -101.000000 0.000000 0.000000
157 1548065275 3.000000 -1.000000 -101.000000 0.000000 0.000000
157 1548065276 3.000000 -1.000000 -101.000000 0.000000 0.000000
157 1548065277 3.000000 -1.000000 -101.000000 0.000000 0.000000
157 1548065278 2.000000 -1.000000 -101.000000 0.000000 0.000000
157 1548065279 2.000000 -1.000000 -101.000000 0.000000 0.000000
157 1548065280 2.000000 -1.000000 -101.000000 0.000000 0.000000
157 1548065281 2.000000 -1.000000 -101.000000 0.000000 0.000000
157 1548065282 2.000000 -1.000000 -101.000000 0.000000 0.000000
157 1548065283 3.000000 -1.000000 -101.000000 0.000000 0.000000
157 1548065284 3.000000 -1.000000 -101.000000 0.000000 0.000000
157 1548065285 3.000000 -1.000000 -101.000000 0.000000 0.000000
157 1548065286 3.000000 -1.000000 -101.000000 0.000000 0.000000
157 1548065287 3.000000 -1.000000 -101.000000 0.000000 0.000000
157 1548065288 1.800000 -1.000000 -101.000000 0.000000 0.000000
157 1548065289 1.800000 -1.000000 -101.000000 0.000000 0.000000
157 1548065290 1.800000 -1.000000 -101.000000 0.000000 0.000000
157 1548065291 1.800000 -1.000000 -101.000000 0.000000 0.000000
157 1548065292 1.800000 -1.000000 -101.000000 0.000000 0.000000
157 1548065293 3.400000 -1.000000 -101.000000 0.000000 0.000000
157 1548065294 3.400000 -1.000000 -101.000000 0.000000 0.000000
157 1548065295 3.400000 -1.000000 -101.000000 0.000000 0.000000
157 1548065296 3.400000 -1.000000 -101.000000 0.000000 0.000000
157 1548065297 3.400000 -1.000000 -101.000000 0.000000 0.000000
157 1548065298 1.800000 -1.000000 -101.000000 0.000000 0.000000
157 1548065299 1.800000 -1.000000 -101.000000 0.000000 0.000000
157 1548065300 1.800000 -1.000000 -101.000000 0.000000 0.000000
157 1548065301 1.800000 -1.000000 -101.000000 0.000000 0.000000
157 1548065302 1.800000 -1.000000 -101.000000 0.000000 0.000000
157 1548065303 2.000000 -1.000000 -101.000000 0.000000 0.000000
157 1548065304 2.000000 -1.000000 -101.000000 0.000000 0.000000
157 1548065305 2.000000 -1.000000 -101.000000 0.000000 0.000000
157 1548065306 2.000000 -1.000000 -101.000000 0.000000 0.000000
157 1548065307 2.000000 -1.000000 -101.000000 0.000000 0.000000
157 1548065308 2.800000 -1.000000 -101.000000 0.000000 0.000000
157 1548065309 2.800000 -1.000000 -101.000000 0.000000 0.000000
157 1548065310 2.800000 -1.000000 -101.000000 0.000000 0.000000
157 1548065311 2.800000 -1.000000 -101.000000 0.000000 0.000000
157 1548065312 2.800000 -1.000000 -101.000000 0.000000 0.000000
157 1548065313 2.200000 -1.000000 -101.000000 0.000000 0.000000
157 1548065314 2.200000 -1.000000 -101.000000 0.000000 0.000000
157 1548065315 2.200000 -1.000000 -101.000000 0.000000 0.000000
157 1548065316 2.200000 -1.000000 -101.000000 0.000000 0.000000
157 1548065317 2.200000 -1.000000 -101.000000 0.000000 0.000000
157 1548065318 2.800000 -1.000000 -101.000000 0.000000 0.000000
157 1548065319 2.800000 -1.000000 -101.000000 0.000000 0.000000
157 1548065320 2.800000 -1.000000 -101.000000 0.000000 0.000000
157 1548065321 2.800000 -1.000000 -101.000000 0.000000 0.000000
157 1548065322 2.800000 -1.000000 -101.000000 0.000000 0.000000
157 1548065323 1.800000 -1.000000 -101.000000 0.000000 0.000000
157 1548065324 1.800000 -1.000000 -101.000000 0.000000 0.000000
157 1548065325 1.800000 -1.000000 -101.000000 0.000000 0.000000
157 1548065326 1.800000 -1.000000 -101.000000 0.000000 0.000000
157 1548065327 1.800000 -1.000000 -101.000000 0.000000 0.000000
157 1548065328 2.800000 -1.000000 -101.000000 0.000000 0.000000
157 1548065329 2.800000 -1.000000 -101.000000 0.000000 0.000000
157 1548065330 2.800000 -1.000000 -101.000000 0.000000 0.000000
157 1548065331 2.800000 -1.000000 -101.000000 0.000000 0.000000
157 1548065332 2.800000 -1.000000 -101.000000 0.000000 0.000000
157 1548065333 1.200000 -1.000000 -101.000000 0.000000 0.000000
157 1548065334 1.200000 -1.000000 -101.000000 0.000000 0.000000
157 1548065335 1.200000 -1.000000 -101.000000 0.000000 0.000000
157 1548065336 1.200000 -1.000000 -101.000000 0.000000 0.000000
157 1548065337 1.200000 -1.000000 -101.000000 0.000000 0.000000
157 1548065338 2.000000 -1.000000 -101.000000 0.000000 0.000000
157 1548065339 2.000000 -1.000000 -101.000000 0.000000 0.000000
157 1548065340 2.000000 -1.000000 -101.000000 0.000000 0.000000
157 1548065341 2.000000 -1.000000 -101.000000 0.000000 0.000000
157 1548065342 2.000000 -1.000000 -101.000000 0.000000 0.000000
157 1548065343 2.800000 -1.000000 -101.000000 0.000000 0.000000
157 1548065344 2.800000 -1.000000 -101.000000 0.000000 0.000000
157 1548065345 2.800000 -1.000000 -101.000000 0.000000 0.000000
157 1548065346 2.800000 -1.000000 -101.000000 0.000000 0.000000
157 1548065347 2.800000 -1.000000 -101.000000 0.000000 0.000000
157 1548065348 1.600000 -1.000000 -101.000000 0.000000 0.000000
157 1548065349 1.600000 -1.000000 -101.000000 0.000000 0.000000
157 1548065350 1.600000 -1.000000 -101.000000 0.000000 0.000000
157 1548065351 1.600000 -1.000000 -101.000000 0.000000 0.000000
157 1548065352 1.600000 -1.000000 -101.000000 0.000000 0.000000
157 1548065353 2.400000 -1.000000 -101.000000 0.000000 0.000000
157 1548065354 2.400000 -1.000000 -101.000000 0.000000 0.000000
157 1548065355 2.400000 -1.000000 -101.000000 0.000000 0.000000
157 1548065356 2.400000 -1.000000 -101.000000 0.000000 0.000000
157 1548065357 2.400000 -1.000000 -101.000000 0.000000 0.000000
157 1548065358 1.200000 -1.000000 -101.000000 0.000000 0.000000
157 1548065359 1.200000 -1.000000 -101.000000 0.000000 0.000000
157 1548065360 1.200000 -1.000000 -101.000000 0.000000 0.000000
157 1548065361 1.200000 -1.000000 -101.000000 0.000000 0.000000
157 1548065362 1.200000 -1.000000 -101.000000 0.000000 0.000000
157 1548065363 2.800000 -1.000000 -101.000000 0.000000 0.000000
157 1548065364 2.800000 -1.000000 -101.000000 0.000000 0.000000
157 1548065365 2.800000 -1.000000 -101.000000 0.000000 0.000000
157 1548065366 2.800000 -1.000000 -101.000000 0.000000 0.000000
157 1548065367 2.800000 -1.000000 -101.000000 0.000000 0.000000
157 1548065368 2.200000 -1.000000 -101.000000 0.000000 0.000000
157 1548065369 2.200000 -1.000000 -101.000000 0.000000 0.000000
157 1548065370 2.200000 -1.000000 -101.000000 0.000000 0.000000
157 1548065371 2.200000 -1.000000 -101.000000 0.000000 0.000000
157 1548065372 2.200000 -1.000000 -101.000000 0.000000 0.000000
157 1548065373 2.800000 -1.000000 -101.000000 0.000000 0.000000
157 1548065374 2.800000 -1.000000 -101.000000 0.000000 0.000000
157 1548065375 2.800000 -1.000000 -101.000000 0.000000 0.000000
157 1548065376 2.800000 -1.000000 -101.000000 0.000000 0.000000
157 1548065377 2.800000 -1.000000 -101.000000 0.000000 0.000000
157 1548065378 2.000000 -1.000000 -101.000000 0.000000 0.000000
157 1548065379 2.000000 -1.000000 -101.000000 0.000000 0.000000
157 1548065380 2.000000 -1.000000 -101.000000 0.000000 0.000000
157 1548065381 2.000000 -1.000000 -101.000000 0.000000 0.000000
157 1548065382 2.000000 -1.000000 -101.000000 0.000000 0.000000
157 1548065383 3.600000 -1.000000 -101.000000 0.000000 0.000000
157 1548065384 3.600000 -1.000000 -101.000000 0.000000 0.000000
157 1548065385 3.600000 -1.000000 -101.000000 0.000000 0.000000
157 1548065386 3.600000 -1.000000 -101.000000 0.000000 0.000000
157 1548065387 3.600000 -1.000000 -101.000000 0.000000 0.000000
157 1548065388 2.400000 -1.000000 -101.000000 0.000000 0.000000
157 1548065389 2.400000 -1.000000 -101.000000 0.000000 0.000000
157 1548065390 2.400000 -1.000000 -101.000000 0.000000 0.000000
157 1548065391 2.400000 -1.000000 -101.000000 0.000000 0.000000
157 1548065392 2.400000 -1.000000 -101.000000 0.000000 0.000000
157 1548065393 2.800000 -1.000000 -101.000000 0.000000 0.000000
157 1548065394 2.800000 -1.000000 -101.000000 0.000000 0.000000
157 1548065395 2.800000 -1.000000 -101.000000 0.000000 0.000000
157 1548065396 2.800000 -1.000000 -101.000000 0.000000 0.000000
157 1548065397 2.800000 -1.000000 -101.000000 0.000000 0.000000
157 1548065398 1.600000 -1.000000 -101.000000 0.000000 0.000000
157 1548065399 1.600000 -1.000000 -101.000000 0.000000 0.000000
157 1548065400 1.600000 -1.000000 -101.000000 0.000000 0.000000
157 1548065401 1.600000 -1.000000 -101.000000 0.000000 0.000000
157 1548065402 1.600000 -1.000000 -101.000000 0.000000 0.000000
157 1548065403 1.800000 -1.000000 -101.000000 0.000000 0.000000
157 1548065404 1.800000 -1.000000 -101.000000 0.000000 0.000000
157 1548065405 1.800000 -1.000000 -101.000000 0.000000 0.000000
157 1548065406 1.800000 -1.000000 -101.000000 0.000000 0.000000
157 1548065407 1.800000 -1.000000 -101.000000 0.000000 0.000000
157 1548065408 2.800000 -1.000000 -101.000000 0.000000 0.000000
157 1548065409 2.800000 -1.000000 -101.000000 0.000000 0.000000
157 1548065410 2.800000 -1.000000 -101.000000 0.000000 0.000000
157 1548065411 2.800000 -1.000000 -101.000000 0.000000 0.000000
157 1548065412 2.800000 -1.000000 -101.000000 0.000000 0.000000
157 1548065413 2.000000 -1.000000 -101.000000 0.000000 0.000000
157 1548065414 2.000000 -1.000000 -101.000000 0.000000 0.000000
157 1548065415 2.000000 -1.000000 -101.000000 0.000000 0.000000
157 1548065416 2.000000 -1.000000 -101.000000 0.000000 0.000000
157 1548065417 2.000000 -1.000000 -101.000000 0.000000 0.000000
157 1548065418 2.200000 -1.000000 -101.000000 0.000000 0.000000
157 1548065419 2.200000 -1.000000 -101.000000 0.000000 0.000000
157 1548065420 2.200000 -1.000000 -101.000000 0.000000 0.000000
157 1548065421 2.200000 -1.000000 -101.000000 0.000000 0.000000
157 1548065422 2.200000 -1.000000 -101.000000 0.000000 0.000000
157 1548065423 2.200000 -1.000000 -101.000000 0.000000 0.000000
157 1548065424 2.200000 -1.000000 -101.000000 0.000000 0.000000
157 1548065425 2.200000 -1.000000 -101.000000 0.000000 0.000000
157 1548065426 2.200000 -1.000000 -101.000000 0.000000 0.000000
157 1548065427 2.200000 -1.000000 -101.000000 0.000000 0.000000
157 1548065428 3.000000 -1.000000 -101.000000 0.000000 0.000000
157 1548065429 3.000000 -1.000000 -101.000000 0.000000 0.000000
157 1548065430 3.000000 -1.000000 -101.000000 0.000000 0.000000
157 1548065431 3.000000 -1.000000 -101.000000 0.000000 0.000000
157 1548065432 3.000000 -1.000000 -101.000000 0.000000 0.000000
157 1548065433 2.200000 -1.000000 -101.000000 0.000000 0.000000
157 1548065434 2.200000 -1.000000 -101.000000 0.000000 0.000000
157 1548065435 2.200000 -1.000000 -101.000000 0.000000 0.000000
157 1548065436 2.200000 -1.000000 -101.000000 0.000000 0.000000
157 1548065437 2.200000 -1.000000 -101.000000 0.000000 0.000000
157 1548065438 2.600000 -1.000000 -101.000000 0.000000 0.000000
157 1548065439 2.600000 -1.000000 -101.000000 0.000000 0.000000
157 1548065440 2.600000 -1.000000 -101.000000 0.000000 0.000000
157 1548065441 2.600000 -1.000000 -101.000000 0.000000 0.000000
157 1548065442 2.600000 -1.000000 -101.000000 0.000000 0.000000
157 1548065443 1.400000 -1.000000 -101.000000 0.000000 0.000000
157 1548065444 1.400000 -1.000000 -101.000000 0.000000 0.000000
157 1548065445 1.400000 -1.000000 -101.000000 0.000000 0.000000
157 1548065446 1.400000 -1.000000 -101.000000 0.000000 0.000000
157 1548065447 1.400000 -1.000000 -101.000000 0.000000 0.000000
157 1548065448 1.600000 -1.000000 -101.000000 0.000000 0.000000
157 1548065449 1.600000 -1.000000 -101.000000 0.000000 0.000000
157 1548065450 1.600000 -1.000000 -101.000000 0.000000 0.000000
157 1548065451 1.600000 -1.000000 -101.000000 0.000000 0.000000
157 1548065452 1.600000 -1.000000 -101.000000 0.000000 0.000000
157 1548065453 1.600000 -1.000000 -101.000000 0.000000 0.000000
157 1548065454 1.600000 -1.000000 -101.000000 0.000000 0.000000
157 1548065455 1.600000 -1.000000 -101.000000 0.000000 0.000000
157 1548065456 1.600000 -1.000000 -101.000000 0.000000 0.000000
157 1548065457 1.600000 -1.000000 -101.000000 0.000000 0.000000
157 1548065458 2.800000 -1.000000 -101.000000 0.000000 0.000000
157 1548065459 2.800000 -1.000000 -101.000000 0.000000 0.000000
157 1548065460 2.800000 -1.000000 -101.000000 0.000000 0.000000
157 1548065461 2.800000 -1.000000 -101.000000 0.000000 0.000000
157 1548065462 2.800000 -1.000000 -101.000000 0.000000 0.000000
157 1548065463 1.800000 -1.000000 -101.000000 0.000000 0.000000
157 1548065464 1.800000 -1.000000 -101.000000 0.000000 0.000000
157 1548065465 1.800000 -1.000000 -101.000000 0.000000 0.000000
157 1548065466 1.800000 -1.000000 -101.000000 0.000000 0.000000
157 1548065467 1.800000 -1.000000 -101.000000 0.000000 0.000000
157 1548065468 3.200000 -1.000000 -101.000000 0.000000 0.000000
157 1548065469 3.200000 -1.000000 -101.000000 0.000000 0.000000
157 1548065470 3.200000 -1.000000 -101.000000 0.000000 0.000000
157 1548065471 3.200000 -1.000000 -101.000000 0.000000 0.000000
157 1548065472 3.200000 -1.000000 -101.000000 0.000000 0.000000
157 1548065473 2.200000 -1.000000 -101.000000 0.000000 0.000000
157 1548065474 2.200000 -1.000000 -101.000000 0.000000 0.000000
157 1548065475 2.200000 -1.000000 -101.000000 0.000000 0.000000
157 1548065476 2.200000 -1.000000 -101.000000 0.000000 0.000000
157 1548065477 2.200000 -1.000000 -101.000000 0.000000 0.000000
157 1548065478 2.600000 -1.000000 -101.000000 0.000000 0.000000
157 1548065479 2.600000 -1.000000 -101.000000 0.000000 0.000000
157 1548065480 2.600000 -1.000000 -101.000000 0.000000 0.000000
157 1548065481 2.600000 -1.000000 -101.000000 0.000000 0.000000
157 1548065482 2.600000 -1.000000 -101.000000 0.000000 0.000000
157 1548065483 2.800000 -1.000000 -101.000000 0.000000 0.000000
157 1548065484 2.800000 -1.000000 -101.000000 0.000000 0.000000
157 1548065485 2.800000 -1.000000 -101.000000 0.000000 0.000000
157 1548065486 2.800000 -1.000000 -101.000000 0.000000 0.000000
157 1548065487 2.800000 -1.000000 -101.000000 0.000000 0.000000
157 1548065488 3.000000 -1.000000 -101.000000 0.000000 0.000000
157 1548065489 3.000000 -1.000000 -101.000000 0.000000 0.000000
157 1548065490 3.000000 -1.000000 -101.000000 0.000000 0.000000
157 1548065491 3.000000 -1.000000 -101.000000 0.000000 0.000000
157 1548065492 3.000000 -1.000000 -101.000000 0.000000 0.000000
157 1548065493 2.400000 -1.000000 -101.000000 0.000000 0.000000
157 1548065494 2.400000 -1.000000 -101.000000 0.000000 0.000000
157 1548065495 2.400000 -1.000000 -101.000000 0.000000 0.000000
157 1548065496 2.400000 -1.000000 -101.000000 0.000000 0.000000
157 1548065497 2.400000 -1.000000 -101.000000 0.000000 0.000000
157 1548065498 2.600000 -1.000000 -101.000000 0.000000 0.000000
157 1548065499 2.600000 -1.000000 -101.000000 0.000000 0.000000
157 1548065500 2.600000 -1.000000 -101.000000 0.000000 0.000000
157 1548065501 2.600000 -1.000000 -101.000000 0.000000 0.000000
157 1548065502 2.600000 -1.000000 -101.000000 0.000000 0.000000
157 1548065503 2.000000 -1.000000 -101.000000 0.000000 0.000000
157 1548065504 2.000000 -1.000000 -101.000000 0.000000 0.000000
157 1548065505 2.000000 -1.000000 -101.000000 0.000000 0.000000
157 1548065506 2.000000 -1.000000 -101.000000 0.000000 0.000000
157 1548065507 2.000000 -1.000000 -101.000000 0.000000 0.000000
157 1548065508 3.000000 -1.000000 -101.000000 0.000000 0.000000
157 1548065509 3.000000 -1.000000 -101.000000 0.000000 0.000000
157 1548065510 3.000000 -1.000000 -101.000000 0.000000 0.000000
157 1548065511 3.000000 -1.000000 -101.000000 0.000000 0.000000
157 1548065512 3.000000 -1.000000 -101.000000 0.000000 0.000000
157 1548065513 2.600000 -1.000000 -101.000000 0.000000 0.000000
157 1548065514 2.600000 -1.000000 -101.000000 0.000000 0.000000
157 1548065515 2.600000 -1.000000 -101.000000 0.000000 0.000000
157 1548065516 2.600000 -1.000000 -101.000000 0.000000 0.000000
157 1548065517 2.600000 -1.000000 -101.000000 0.000000 0.000000
157 1548065518 2.200000 -1.000000 -101.000000 0.000000 0.000000
157 1548065519 2.200000 -1.000000 -101.000000 0.000000 0.000000
157 1548065520 2.200000 -1.000000 -101.000000 0.000000 0.000000
157 1548065521 2.200000 -1.000000 -101.000000 0.000000 0.000000
157 1548065522 2.200000 -1.000000 -101.000000 0.000000 0.000000
157 1548065523 2.800000 -1.000000 -101.000000 0.000000 0.000000
157 1548065524 2.800000 -1.000000 -101.000000 0.000000 0.000000
157 1548065525 2.800000 -1.000000 -101.000000 0.000000 0.000000
157 1548065526 2.800000 -1.000000 -101.000000 0.000000 0.000000
157 1548065527 2.800000 -1.000000 -101.000000 0.000000 0.000000
157 1548065528 2.400000 -1.000000 -101.000000 0.000000 0.000000
157 1548065529 2.400000 -1.000000 -101.000000 0.000000 0.000000
157 1548065530 2.400000 -1.000000 -101.000000 0.000000 0.000000
157 1548065531 2.400000 -1.000000 -101.000000 0.000000 0.000000
157 1548065532 2.400000 -1.000000 -101.000000 0.000000 0.000000
157 1548065533 2.600000 -1.000000 -101.000000 0.000000 0.000000
157 1548065534 2.600000 -1.000000 -101.000000 0.000000 0.000000
157 1548065535 2.600000 -1.000000 -101.000000 0.000000 0.000000
157 1548065536 2.600000 -1.000000 -101.000000 0.000000 0.000000
157 1548065537 2.600000 -1.000000 -101.000000 0.000000 0.000000
157 1548065538 2.000000 -1.000000 -101.000000 0.000000 0.000000
157 1548065539 2.000000 -1.000000 -101.000000 0.000000 0.000000
157 1548065540 2.000000 -1.000000 -101.000000 0.000000 0.000000
157 1548065541 2.000000 -1.000000 -101.000000 0.000000 0.000000
157 1548065542 2.000000 -1.000000 -101.000000 0.000000 0.000000
157 1548065543 2.600000 -1.000000 -101.000000 0.000000 0.000000
157 1548065544 2.600000 -1.000000 -101.000000 0.000000 0.000000
157 1548065545 2.600000 -1.000000 -101.000000 0.000000 0.000000
157 1548065546 2.600000 -1.000000 -101.000000 0.000000 0.000000
157 1548065547 2.600000 -1.000000 -101.000000 0.000000 0.000000
157 1548065548 2.600000 -1.000000 -101.000000 0.000000 0.000000
157 1548065549 2.600000 -1.000000 -101.000000 0.000000 0.000000
157 1548065550 2.600000 -1.000000 -101.000000 0.000000 0.000000
157 1548065551 2.600000 -1.000000 -101.000000 0.000000 0.000000
157 1548065552 2.600000 -1.000000 -101.000000 0.000000 0.000000
157 1548065553 3.400000 -1.000000 -101.000000 0.000000 0.000000
157 1548065554 3.400000 -1.000000 -101.000000 0.000000 0.000000
157 1548065555 3.400000 -1.000000 -101.000000 0.000000 0.000000
157 1548065556 3.400000 -1.000000 -101.000000 0.000000 0.000000
157 1548065557 3.400000 -1.000000 -101.000000 0.000000 0.000000
157 1548065558 2.600000 -1.000000 -101.000000 0.000000 0.000000
157 1548065559 2.600000 -1.000000 -101.000000 0.000000 0.000000
157 1548065560 2.600000 -1.000000 -101.000000 0.000000 0.000000
157 1548065561 2.600000 -1.000000 -101.000000 0.000000 0.000000
157 1548065562 2.600000 -1.000000 -101.000000 0.000000 0.000000
157 1548065563 2.600000 -1.000000 -101.000000 0.000000 0.000000
157 1548065564 2.600000 -1.000000 -101.000000 0.000000 0.000000
157 1548065565 2.600000 -1.000000 -101.000000 0.000000 0.000000
157 1548065566 2.600000 -1.000000 -101.000000 0.000000 0.000000
157 1548065567 2.600000 -1.000000 -101.000000 0.000000 0.000000
157 1548065568 1.600000 -1.000000 -101.000000 0.000000 0.000000
157 1548065569 1.600000 -1.000000 -101.000000 0.000000 0.000000
157 1548065570 1.600000 -1.000000 -101.000000 0.000000 0.000000
157 1548065571 1.600000 -1.000000 -101.000000 0.000000 0.000000
157 1548065572 1.600000 -1.000000 -101.000000 0.000000 0.000000
157 1548065573 1.800000 -1.000000 -101.000000 0.000000 0.000000
157 1548065574 1.800000 -1.000000 -101.000000 0.000000 0.000000
157 1548065575 1.800000 -1.000000 -101.000000 0.000000 0.000000
157 1548065576 1.800000 -1.000000 -101.000000 0.000000 0.000000
157 1548065577 1.800000 -1.000000 -101.000000 0.000000 0.000000
157 1548065578 2.800000 -1.000000 -101.000000 0.000000 0.000000
157 1548065579 2.800000 -1.000000 -101.000000 0.000000 0.000000
157 1548065580 2.800000 -1.000000 -101.000000 0.000000 0.000000
157 1548065581 2.800000 -1.000000 -101.000000 0.000000 0.000000
157 1548065582 2.800000 -1.000000 -101.000000 0.000000 0.000000
157 1548065583 1.600000 -1.000000 -101.000000 0.000000 0.000000
157 1548065584 1.600000 -1.000000 -101.000000 0.000000 0.000000
157 1548065585 1.600000 -1.000000 -101.000000 0.000000 0.000000
157 1548065586 1.600000 -1.000000 -101.000000 0.000000 0.000000
157 1548065587 1.600000 -1.000000 -101.000000 0.000000 0.000000
157 1548065588 1.800000 -1.000000 -101.000000 0.000000 0.000000
157 1548065589 1.800000 -1.000000 -101.000000 0.000000 0.000000
157 1548065590 1.800000 -1.000000 -101.000000 0.000000 0.000000
157 1548065591 1.800000 -1.000000 -101.000000 0.000000 0.000000
157 1548065592 1.800000 -1.000000 -101.000000 0.000000 0.000000
157 1548065593 2.800000 -1.000000 -101.000000 0.000000 0.000000
157 1548065594 2.800000 -1.000000 -101.000000 0.000000 0.000000
157 1548065595 2.800000 -1.000000 -101.000000 0.000000 0.000000
157 1548065596 2.800000 -1.000000 -101.000000 0.000000 0.000000
157 1548065597 2.800000 -1.000000 -101.000000 0.000000 0.000000
157 1548065598 2.000000 -1.000000 -101.000000 0.000000 0.000000
157 1548065599 2.000000 -1.000000 -101.000000 0.000000 0.000000
157 1548065600 2.000000 -1.000000 -101.000000 0.000000 0.000000
157 1548065601 2.000000 -1.000000 -101.000000 0.000000 0.000000
157 1548065602 2.000000 -1.000000 -101.000000 0.000000 0.000000
157 1548065603 3.600000 -1.000000 -101.000000 0.000000 0.000000
157 1548065604 3.600000 -1.000000 -101.000000 0.000000 0.000000
157 1548065605 3.600000 -1.000000 -101.000000 0.000000 0.000000
157 1548065606 3.600000 -1.000000 -101.000000 0.000000 0.000000
157 1548065607 3.600000 -1.000000 -101.000000 0.000000 0.000000
157 1548065608 1.800000 -1.000000 -101.000000 0.000000 0.000000
157 1548065609 1.800000 -1.000000 -101.000000 0.000000 0.000000
157 1548065610 1.800000 -1.000000 -101.000000 0.000000 0.000000
157 1548065611 1.800000 -1.000000 -101.000000 0.000000 0.000000
157 1548065612 1.800000 -1.000000 -101.000000 0.000000 0.000000
157 1548065613 2.000000 -1.000000 -101.000000 0.000000 0.000000
157 1548065614 2.000000 -1.000000 -101.000000 0.000000 0.000000
157 1548065615 2.000000 -1.000000 -101.000000 0.000000 0.000000
157 1548065616 2.000000 -1.000000 -101.000000 0.000000 0.000000
157 1548065617 2.000000 -1.000000 -101.000000 0.000000 0.000000
157 1548065618 1.800000 -1.000000 -101.000000 0.000000 0.000000
157 1548065619 1.800000 -1.000000 -101.000000 0.000000 0.000000
157 1548065620 1.800000 -1.000000 -101.000000 0.000000 0.000000
157 1548065621 1.800000 -1.000000 -101.000000 0.000000 0.000000
157 1548065622 1.800000 -1.000000 -101.000000 0.000000 0.000000
157 1548065623 2.200000 -1.000000 -101.000000 0.000000 0.000000
157 1548065624 2.200000 -1.000000 -101.000000 0.000000 0.000000
157 1548065625 2.200000 -1.000000 -101.000000 0.000000 0.000000
157 1548065626 2.200000 -1.000000 -101.000000 0.000000 0.000000
157 1548065627 2.200000 -1.000000 -101.000000 0.000000 0.000000
157 1548065628 3.800000 -1.000000 -101.000000 0.000000 0.000000
157 1548065629 3.800000 -1.000000 -101.000000 0.000000 0.000000
157 1548065630 3.800000 -1.000000 -101.000000 0.000000 0.000000
157 1548065631 3.800000 -1.000000 -101.000000 0.000000 0.000000
157 1548065632 3.800000 -1.000000 -101.000000 0.000000 0.000000
157 1548065633 1.600000 -1.000000 -101.000000 0.000000 0.000000
157 1548065634 1.600000 -1.000000 -101.000000 0.000000 0.000000
157 1548065635 1.600000 -1.000000 -101.000000 0.000000 0.000000
157 1548065636 1.600000 -1.000000 -101.000000 0.000000 0.000000
157 1548065637 1.600000 -1.000000 -101.000000 0.000000 0.000000
157 1548065638 2.400000 -1.000000 -101.000000 0.000000 0.000000
157 1548065639 2.400000 -1.000000 -101.000000 0.000000 0.000000
157 1548065640 2.400000 -1.000000 -101.000000 0.000000 0.000000
157 1548065641 2.400000 -1.000000 -101.000000 0.000000 0.000000
157 1548065642 2.400000 -1.000000 -101.000000 0.000000 0.000000
157 1548065643 2.800000 -1.000000 -101.000000 0.000000 0.000000
157 1548065644 2.800000 -1.000000 -101.000000 0.000000 0.000000
157 1548065645 2.800000 -1.000000 -101.000000 0.000000 0.000000
157 1548065646 2.800000 -1.000000 -101.000000 0.000000 0.000000
157 1548065647 2.800000 -1.000000 -101.000000 0.000000 0.000000
157 1548065648 1.600000 -1.000000 -101.000000 0.000000 0.000000
157 1548065649 1.600000 -1.000000 -101.000000 0.000000 0.000000
157 1548065650 1.600000 -1.000000 -101.000000 0.000000 0.000000
157 1548065651 1.600000 -1.000000 -101.000000 0.000000 0.000000
157 1548065652 1.600000 -1.000000 -101.000000 0.000000 0.000000
157 1548065653 2.200000 -1.000000 -101.000000 0.000000 0.000000
157 1548065654 2.200000 -1.000000 -101.000000 0.000000 0.000000
157 1548065655 2.200000 -1.000000 -101.000000 0.000000 0.000000
157 1548065656 2.200000 -1.000000 -101.000000 0.000000 0.000000
157 1548065657 2.200000 -1.000000 -101.000000 0.000000 0.000000
157 1548065658 2.200000 -1.000000 -101.000000 0.000000 0.000000
157 1548065659 2.200000 -1.000000 -101.000000 0.000000 0.000000
157 1548065660 2.200000 -1.000000 -101.000000 0.000000 0.000000
157 1548065661 2.200000 -1.000000 -101.000000 0.000000 0.000000
157 1548065662 2.200000 -1.000000 -101.000000 0.000000 0.000000
157 1548065663 0.800000 -1.000000 -101.000000 0.000000 0.000000
157 1548065664 0.800000 -1.000000 -101.000000 0.000000 0.000000
157 1548065665 0.800000 -1.000000 -101.000000 0.000000 0.000000
157 1548065666 0.800000 -1.000000 -101.000000 0.000000 0.000000
157 1548065667 0.800000 -1.000000 -101.000000 0.000000 0.000000
157 1548065668 4.800000 -1.000000 -101.000000 0.000000 0.000000
157 1548065669 4.800000 -1.000000 -101.000000 0.000000 0.000000
157 1548065670 4.800000 -1.000000 -101.000000 0.000000 0.000000
157 1548065671 4.800000 -1.000000 -101.000000 0.000000 0.000000
157 1548065672 4.800000 -1.000000 -101.000000 0.000000 0.000000
157 1548065673 2.000000 -1.000000 -101.000000 0.000000 0.000000
157 1548065674 2.000000 -1.000000 -101.000000 0.000000 0.000000
157 1548065675 2.000000 -1.000000 -101.000000 0.000000 0.000000
157 1548065676 2.000000 -1.000000 -101.000000 0.000000 0.000000
157 1548065677 2.000000 -1.000000 -101.000000 0.000000 0.000000
157 1548065678 2.200000 -1.000000 -101.000000 0.000000 0.000000
157 1548065679 2.200000 -1.000000 -101.000000 0.000000 0.000000
157 1548065680 2.200000 -1.000000 -101.000000 0.000000 0.000000
157 1548065681 2.200000 -1.000000 -101.000000 0.000000 0.000000
157 1548065682 2.200000 -1.000000 -101.000000 0.000000 0.000000
157 1548065683 2.000000 -1.000000 -101.000000 0.000000 0.000000
157 1548065684 2.000000 -1.000000 -101.000000 0.000000 0.000000
157 1548065685 2.000000 -1.000000 -101.000000 0.000000 0.000000
157 1548065686 2.000000 -1.000000 -101.000000 0.000000 0.000000
157 1548065687 2.000000 -1.000000 -101.000000 0.000000 0.000000
157 1548065688 2.400000 -1.000000 -101.000000 0.000000 0.000000
157 1548065689 2.400000 -1.000000 -101.000000 0.000000 0.000000
157 1548065690 2.400000 -1.000000 -101.000000 0.000000 0.000000
157 1548065691 2.400000 -1.000000 -101.000000 0.000000 0.000000
157 1548065692 2.400000 -1.000000 -101.000000 0.000000 0.000000
157 1548065693 2.200000 -1.000000 -101.000000 0.000000 0.000000
157 1548065694 2.200000 -1.000000 -101.000000 0.000000 0.000000
157 1548065695 2.200000 -1.000000 -101.000000 0.000000 0.000000
157 1548065696 2.200000 -1.000000 -101.000000 0.000000 0.000000
157 1548065697 2.200000 -1.000000 -101.000000 0.000000 0.000000
157 1548065698 3.000000 -1.000000 -101.000000 0.000000 0.000000
157 1548065699 3.000000 -1.000000 -101.000000 0.000000 0.000000
157 1548065700 3.000000 -1.000000 -101.000000 0.000000 0.000000
157 1548065701 3.000000 -1.000000 -101.000000 0.000000 0.000000
157 1548065702 3.000000 -1.000000 -101.000000 0.000000 0.000000
157 1548065703 1.800000 -1.000000 -101.000000 0.000000 0.000000
157 1548065704 1.800000 -1.000000 -101.000000 0.000000 0.000000
157 1548065705 1.800000 -1.000000 -101.000000 0.000000 0.000000
157 1548065706 1.800000 -1.000000 -101.000000 0.000000 0.000000
157 1548065707 1.800000 -1.000000 -101.000000 0.000000 0.000000
157 1548065708 2.600000 -1.000000 -101.000000 0.000000 0.000000
157 1548065709 2.600000 -1.000000 -101.000000 0.000000 0.000000
157 1548065710 2.600000 -1.000000 -101.000000 0.000000 0.000000
157 1548065711 2.600000 -1.000000 -101.000000 0.000000 0.000000
157 1548065712 2.600000 -1.000000 -101.000000 0.000000 0.000000
157 1548065713 2.600000 -1.000000 -101.000000 0.000000 0.000000
157 1548065714 2.600000 -1.000000 -101.000000 0.000000 0.000000
157 1548065715 2.600000 -1.000000 -101.000000 0.000000 0.000000
157 1548065716 2.600000 -1.000000 -101.000000 0.000000 0.000000
157 1548065717 2.600000 -1.000000 -101.000000 0.000000 0.000000
157 1548065718 1.600000 -1.000000 -101.000000 0.000000 0.000000
157 1548065719 1.600000 -1.000000 -101.000000 0.000000 0.000000
157 1548065720 1.600000 -1.000000 -101.000000 0.000000 0.000000
157 1548065721 1.600000 -1.000000 -101.000000 0.000000 0.000000
157 1548065722 1.600000 -1.000000 -101.000000 0.000000 0.000000
157 1548065723 2.000000 -1.000000 -101.000000 0.000000 0.000000
157 1548065724 2.000000 -1.000000 -101.000000 0.000000 0.000000
157 1548065725 2.000000 -1.000000 -101.000000 0.000000 0.000000
157 1548065726 2.000000 -1.000000 -101.000000 0.000000 0.000000
157 1548065727 2.000000 -1.000000 -101.000000 0.000000 0.000000
157 1548065728 1.600000 -1.000000 -101.000000 0.000000 0.000000
157 1548065729 1.600000 -1.000000 -101.000000 0.000000 0.000000
157 1548065730 1.600000 -1.000000 -101.000000 0.000000 0.000000
157 1548065731 1.600000 -1.000000 -101.000000 0.000000 0.000000
157 1548065732 1.600000 -1.000000 -101.000000 0.000000 0.000000
157 1548065733 1.400000 -1.000000 -101.000000 0.000000 0.000000
157 1548065734 1.400000 -1.000000 -101.000000 0.000000 0.000000
157 1548065735 1.400000 -1.000000 -101.000000 0.000000 0.000000
157 1548065736 1.400000 -1.000000 -101.000000 0.000000 0.000000
157 1548065737 1.400000 -1.000000 -101.000000 0.000000 0.000000
157 1548065738 1.800000 -1.000000 -101.000000 0.000000 0.000000
157 1548065739 1.800000 -1.000000 -101.000000 0.000000 0.000000
157 1548065740 1.800000 -1.000000 -101.000000 0.000000 0.000000
157 1548065741 1.800000 -1.000000 -101.000000 0.000000 0.000000
157 1548065742 1.800000 -1.000000 -101.000000 0.000000 0.000000
157 1548065743 3.600000 -1.000000 -101.000000 0.000000 0.000000
157 1548065744 3.600000 -1.000000 -101.000000 0.000000 0.000000
157 1548065745 3.600000 -1.000000 -101.000000 0.000000 0.000000
157 1548065746 3.600000 -1.000000 -101.000000 0.000000 0.000000
157 1548065747 3.600000 -1.000000 -101.000000 0.000000 0.000000
157 1548065748 2.200000 -1.000000 -101.000000 0.000000 0.000000
157 1548065749 2.200000 -1.000000 -101.000000 0.000000 0.000000
157 1548065750 2.200000 -1.000000 -101.000000 0.000000 0.000000
157 1548065751 2.200000 -1.000000 -101.000000 0.000000 0.000000
157 1548065752 2.200000 -1.000000 -101.000000 0.000000 0.000000
157 1548065753 1.600000 -1.000000 -101.000000 0.000000 0.000000
157 1548065754 1.600000 -1.000000 -101.000000 0.000000 0.000000
157 1548065755 1.600000 -1.000000 -101.000000 0.000000 0.000000
157 1548065756 1.600000 -1.000000 -101.000000 0.000000 0.000000
157 1548065757 1.600000 -1.000000 -101.000000 0.000000 0.000000
157 1548065758 2.800000 -1.000000 -101.000000 0.000000 0.000000
157 1548065759 2.800000 -1.000000 -101.000000 0.000000 0.000000
157 1548065760 2.800000 -1.000000 -101.000000 0.000000 0.000000
157 1548065761 2.800000 -1.000000 -101.000000 0.000000 0.000000
157 1548065762 2.800000 -1.000000 -101.000000 0.000000 0.000000
157 1548065763 1.800000 -1.000000 -101.000000 0.000000 0.000000
157 1548065764 1.800000 -1.000000 -101.000000 0.000000 0.000000
157 1548065765 1.800000 -1.000000 -101.000000 0.000000 0.000000
157 1548065766 1.800000 -1.000000 -101.000000 0.000000 0.000000
157 1548065767 1.800000 -1.000000 -101.000000 0.000000 0.000000
157 1548065768 1.800000 -1.000000 -101.000000 0.000000 0.000000
157 1548065769 1.800000 -1.000000 -101.000000 0.000000 0.000000
157 1548065770 1.800000 -1.000000 -101.000000 0.000000 0.000000
157 1548065771 1.800000 -1.000000 -101.000000 0.000000 0.000000
157 1548065772 1.800000 -1.000000 -101.000000 0.000000 0.000000
157 1548065773 4.200000 -1.000000 -101.000000 0.000000 0.000000
157 1548065774 4.200000 -1.000000 -101.000000 0.000000 0.000000
157 1548065775 4.200000 -1.000000 -101.000000 0.000000 0.000000
157 1548065776 4.200000 -1.000000 -101.000000 0.000000 0.000000
157 1548065777 4.200000 -1.000000 -101.000000 0.000000 0.000000
157 1548065840 3.666667 -1.000000 3.666667 3.666667 10.755556
157 1548065839 3.666667 -1.000000 3.666667 3.666667 10.755556
157 1548065838 3.666667 -1.000000 3.666667 3.666667 10.755556
157 1548065837 2.800000 -1.000000 2.800000 2.800000 6.272000
157 1548065836 2.800000 -1.000000 2.800000 2.800000 6.272000
157 1548065835 2.800000 -1.000000 2.800000 2.800000 6.272000
157 1548065834 2.800000 -1.000000 2.800000 2.800000 6.272000
157 1548065833 2.800000 -1.000000 2.800000 2.800000 6.272000
157 1548065832 3.000000 -1.000000 3.000000 3.000000 7.200000
157 1548065831 3.000000 -1.000000 3.000000 3.000000 7.200000
157 1548065830 3.000000 -1.000000 3.000000 3.000000 7.200000
157 1548065829 3.000000 -1.000000 3.000000 3.000000 7.200000
157 1548065828 3.000000 -1.000000 3.000000 3.000000 7.200000
157 1548065827 3.600000 -1.000000 3.600000 3.600000 10.368000
157 1548065826 3.600000 -1.000000 3.600000 3.600000 10.368000
157 1548065825 3.600000 -1.000000 3.600000 3.600000 10.368000
157 1548065824 3.600000 -1.000000 3.600000 3.600000 10.368000
157 1548065823 3.600000 -1.000000 3.600000 3.600000 10.368000
157 1548065822 3.400000 -1.000000 3.400000 3.400000 9.248000
157 1548065821 3.400000 -1.000000 3.400000 3.400000 9.248000
157 1548065820 3.400000 -1.000000 3.400000 3.400000 9.248000
157 1548065819 3.400000 -1.000000 3.400000 3.400000 9.248000
157 1548065818 3.400000 -1.000000 3.400000 3.400000 9.248000
157 1548065817 1.400000 -1.000000 1.400000 1.400000 1.568000
157 1548065816 1.400000 -1.000000 1.400000 1.400000 1.568000
157 1548065815 1.400000 -1.000000 1.400000 1.400000 1.568000
157 1548065814 1.400000 -1.000000 1.400000 1.400000 1.568000
157 1548065813 1.400000 -1.000000 1.400000 1.400000 1.568000
157 1548065812 2.800000 -1.000000 2.800000 2.800000 6.272000
157 1548065811 2.800000 -1.000000 2.800000 2.800000 6.272000
157 1548065810 2.800000 -1.000000 2.800000 2.800000 6.272000
157 1548065809 2.800000 -1.000000 2.800000 2.800000 6.272000
157 1548065808 2.800000 -1.000000 2.800000 2.800000 6.272000
157 1548065807 2.400000 -1.000000 2.400000 2.400000 4.608000
157 1548065806 2.400000 -1.000000 2.400000 2.400000 4.608000
157 1548065805 2.400000 -1.000000 2.400000 2.400000 4.608000
157 1548065804 2.400000 -1.000000 2.400000 2.400000 4.608000
157 1548065803 2.400000 -1.000000 2.400000 2.400000 4.608000
157 1548065802 3.800000 -1.000000 3.800000 3.800000 11.552000
157 1548065801 3.800000 -1.000000 3.800000 3.800000 11.552000
157 1548065800 3.800000 -1.000000 3.800000 3.800000 11.552000
157 1548065799 3.800000 -1.000000 3.800000 3.800000 11.552000
157 1548065798 3.800000 -1.000000 3.800000 3.800000 11.552000
157 1548065797 2.600000 -1.000000 2.600000 2.600000 5.408000
157 1548065796 2.600000 -1.000000 2.600000 2.600000 5.408000
157 1548065795 2.600000 -1.000000 2.600000 2.600000 5.408000
157 1548065794 2.600000 -1.000000 2.600000 2.600000 5.408000
157 1548065793 2.600000 -1.000000 2.600000 2.600000 5.408000
157 1548065792 3.200000 -1.000000 3.200000 3.200000 8.192000
157 1548065791 3.200000 -1.000000 3.200000 3.200000 8.192000
157 1548065790 3.200000 -1.000000 3.200000 3.200000 8.192000
157 1548065789 3.200000 -1.000000 3.200000 3.200000 8.192000
157 1548065788 3.200000 -1.000000 3.200000 3.200000 8.192000
157 1548065787 2.400000 -1.000000 2.400000 2.400000 4.608000
157 1548065786 2.400000 -1.000000 2.400000 2.400000 4.608000
157 1548065785 2.400000 -1.000000 2.400000 2.400000 4.608000
157 1548065784 2.400000 -1.000000 2.400000 2.400000 4.608000
157 1548065783 2.400000 -1.000000 2.400000 2.400000 4.608000
157 1548065782 2.200000 -1.000000 2.200000 2.200000 3.872000
157 1548065781 2.200000 -1.000000 2.200000 2.200000 3.872000
157 1548065780 2.200000 -1.000000 2.200000 2.200000 3.872000
157 1548065779 2.200000 -1.000000 2.200000 2.200000 3.872000
157 1548065778 2.200000 -1.000000 2.200000 2.200000 3.872000
