169 1548064448 2.400000 -1.000000 -101.000000 0.000000 0.000000
169 1548064449 2.400000 -1.000000 -101.000000 0.000000 0.000000
169 1548064450 2.400000 -1.000000 -101.000000 0.000000 0.000000
169 1548064451 2.400000 -1.000000 -101.000000 0.000000 0.000000
169 1548064452 2.400000 -1.000000 -101.000000 0.000000 0.000000
169 1548064453 4.000000 -1.000000 -101.000000 0.000000 0.000000
169 1548064454 4.000000 -1.000000 -101.000000 0.000000 0.000000
169 1548064455 4.000000 -1.000000 -101.000000 0.000000 0.000000
169 1548064456 4.000000 -1.000000 -101.000000 0.000000 0.000000
169 1548064457 4.000000 -1.000000 -101.000000 0.000000 0.000000
169 1548064458 3.200000 -1.000000 -101.000000 0.000000 0.000000
169 1548064459 3.200000 -1.000000 -101.000000 0.000000 0.000000
169 1548064460 3.200000 -1.000000 -101.000000 0.000000 0.000000
169 1548064461 3.200000 -1.000000 -101.000000 0.000000 0.000000
169 1548064462 3.200000 -1.000000 -101.000000 0.000000 0.000000
169 1548064463 4.400000 -1.000000 -101.000000 0.000000 0.000000
169 1548064464 4.400000 -1.000000 -101.000000 0.000000 0.000000
169 1548064465 4.400000 -1.000000 -101.000000 0.000000 0.000000
169 1548064466 4.400000 -1.000000 -101.000000 0.000000 0.000000
169 1548064467 4.400000 -1.000000 -101.000000 0.000000 0.000000
169 1548064468 3.600000 -1.000000 -101.000000 0.000000 0.000000
169 1548064469 3.600000 -1.000000 -101.000000 0.000000 0.000000
169 1548064470 3.600000 -1.000000 -101.000000 0.000000 0.000000
169 1548064471 3.600000 -1.000000 -101.000000 0.000000 0.000000
169 1548064472 3.600000 -1.000000 -101.000000 0.000000 0.000000
169 1548064473 3.200000 -1.000000 -101.000000 0.000000 0.000000
169 1548064474 3.200000 -1.000000 -101.000000 0.000000 0.000000
169 1548064475 3.200000 -1.000000 -101.000000 0.000000 0.000000
169 1548064476 3.200000 -1.000000 -101.000000 0.000000 0.000000
169 1548064477 3.200000 -1.000000 -101.000000 0.000000 0.000000
169 1548064478 3.600000 -1.000000 -101.000000 0.000000 0.000000
169 1548064479 3.600000 -1.000000 -101.000000 0.000000 0.000000
169 1548064480 3.600000 -1.000000 -101.000000 0.000000 0.000000
169 1548064481 3.600000 -1.000000 -101.000000 0.000000 0.000000
169 1548064482 3.600000 -1.000000 -101.000000 0.000000 0.000000
169 1548064483 3.200000 -1.000000 -101.000000 0.000000 0.000000
169 1548064484 3.200000 -1.000000 -101.000000 0.000000 0.000000
169 1548064485 3.200000 -1.000000 -101.000000 0.000000 0.000000
169 1548064486 3.200000 -1.000000 -101.000000 0.000000 0.000000
169 1548064487 3.200000 -1.000000 -101.000000 0.000000 0.000000
169 1548064488 4.600000 -1.000000 -101.000000 0.000000 0.000000
169 1548064489 4.600000 -1.000000 -101.000000 0.000000 0.000000
169 1548064490 4.600000 -1.000000 -101.000000 0.000000 0.000000
169 1548064491 4.600000 -1.000000 -101.000000 0.000000 0.000000
169 1548064492 4.600000 -1.000000 -101.000000 0.000000 0.000000
169 1548064493 3.400000 -1.000000 -101.000000 0.000000 0.000000
169 1548064494 3.400000 -1.000000 -101.000000 0.000000 0.000000
169 1548064495 3.400000 -1.000000 -101.000000 0.000000 0.000000
169 1548064496 3.400000 -1.000000 -101.000000 0.000000 0.000000
169 1548064497 3.400000 -1.000000 -101.000000 0.000000 0.000000
169 1548064498 2.400000 -1.000000 -101.000000 0.000000 0.000000
169 1548064499 2.400000 -1.000000 -101.000000 0.000000 0.000000
169 1548064500 2.400000 -1.000000 -101.000000 0.000000 0.000000
169 1548064501 2.400000 -1.000000 -101.000000 0.000000 0.000000
169 1548064502 2.400000 -1.000000 -101.000000 0.000000 0.000000
169 1548064503 4.800000 -1.000000 -101.000000 0.000000 0.000000
169 1548064504 4.800000 -1.000000 -101.000000 0.000000 0.000000
169 1548064505 4.800000 -1.000000 -101.000000 0.000000 0.000000
169 1548064506 4.800000 -1.000000 -101.000000 0.000000 0.000000
169 1548064507 4.800000 -1.000000 -101.000000 0.000000 0.000000
169 1548064508 4.200000 -1.000000 -101.000000 0.000000 0.000000
169 1548064509 4.200000 -1.000000 -101.000000 0.000000 0.000000
169 1548064510 4.200000 -1.000000 -101.000000 0.000000 0.000000
169 1548064511 4.200000 -1.000000 -101.000000 0.000000 0.000000
169 1548064512 4.200000 -1.000000 -101.000000 0.000000 0.000000
169 1548064513 3.400000 -1.000000 -101.000000 0.000000 0.000000
169 1548064514 3.400000 -1.000000 -101.000000 0.000000 0.000000
169 1548064515 3.400000 -1.000000 -101.000000 0.000000 0.000000
169 1548064516 3.400000 -1.000000 -101.000000 0.000000 0.000000
169 1548064517 3.400000 -1.000000 -101.000000 0.000000 0.000000
169 1548064518 4.200000 -1.000000 -101.000000 0.000000 0.000000
169 1548064519 4.200000 -1.000000 -101.000000 0.000000 0.000000
169 1548064520 4.200000 -1.000000 -101.000000 0.000000 0.000000
169 1548064521 4.200000 -1.000000 -101.000000 0.000000 0.000000
169 1548064522 4.200000 -1.000000 -101.000000 0.000000 0.000000
169 1548064523 5.200000 -1.000000 -101.000000 0.000000 0.000000
169 1548064524 5.200000 -1.000000 -101.000000 0.000000 0.000000
169 1548064525 5.200000 -1.000000 -101.000000 0.000000 0.000000
169 1548064526 5.200000 -1.000000 -101.000000 0.000000 0.000000
169 1548064527 5.200000 -1.000000 -101.000000 0.000000 0.000000
169 1548064528 3.600000 -1.000000 -101.000000 0.000000 0.000000
169 1548064529 3.600000 -1.000000 -101.000000 0.000000 0.000000
169 1548064530 3.600000 -1.000000 -101.000000 0.000000 0.000000
169 1548064531 3.600000 -1.000000 -101.000000 0.000000 0.000000
169 1548064532 3.600000 -1.000000 -101.000000 0.000000 0.000000
169 1548064533 3.600000 -1.000000 -101.000000 0.000000 0.000000
169 1548064534 3.600000 -1.000000 -101.000000 0.000000 0.000000
169 1548064535 3.600000 -1.000000 -101.000000 0.000000 0.000000
169 1548064536 3.600000 -1.000000 -101.000000 0.000000 0.000000
169 1548064537 3.600000 -1.000000 -101.000000 0.000000 0.000000
169 1548064538 3.000000 -1.000000 -101.000000 0.000000 0.000000
169 1548064539 3.000000 -1.000000 -101.000000 0.000000 0.000000
169 1548064540 3.000000 -1.000000 -101.000000 0.000000 0.000000
169 1548064541 3.000000 -1.000000 -101.000000 0.000000 0.000000
169 1548064542 3.000000 -1.000000 -101.000000 0.000000 0.000000
169 1548064543 4.000000 -1.000000 -101.000000 0.000000 0.000000
169 1548064544 4.000000 -1.000000 -101.000000 0.000000 0.000000
169 1548064545 4.000000 -1.000000 -101.000000 0.000000 0.000000
169 1548064546 4.000000 -1.000000 -101.000000 0.000000 0.000000
169 1548064547 4.000000 -1.000000 -101.000000 0.000000 0.000000
169 1548064548 3.000000 -1.000000 -101.000000 0.000000 0.000000
169 1548064549 3.000000 -1.000000 -101.000000 0.000000 0.000000
169 1548064550 3.000000 -1.000000 -101.000000 0.000000 0.000000
169 1548064551 3.000000 -1.000000 -101.000000 0.000000 0.000000
169 1548064552 3.000000 -1.000000 -101.000000 0.000000 0.000000
169 1548064553 4.000000 -1.000000 -101.000000 0.000000 0.000000
169 1548064554 4.000000 -1.000000 -101.000000 0.000000 0.000000
169 1548064555 4.000000 -1.000000 -101.000000 0.000000 0.000000
169 1548064556 4.000000 -1.000000 -101.000000 0.000000 0.000000
169 1548064557 4.000000 -1.000000 -101.000000 0.000000 0.000000
169 1548064558 3.000000 -1.000000 -101.000000 0.000000 0.000000
169 1548064559 3.000000 -1.000000 -101.000000 0.000000 0.000000
169 1548064560 3.000000 -1.000000 -101.000000 0.000000 0.000000
169 1548064561 3.000000 -1.000000 -101.000000 0.000000 0.000000
169 1548064562 3.000000 -1.000000 -101.000000 0.000000 0.000000
169 1548064563 2.400000 -1.000000 -101.000000 0.000000 0.000000
169 1548064564 2.400000 -1.000000 -101.000000 0.000000 0.000000
169 1548064565 2.400000 -1.000000 -101.000000 0.000000 0.000000
169 1548064566 2.400000 -1.000000 -101.000000 0.000000 0.000000
169 1548064567 2.400000 -1.000000 -101.000000 0.000000 0.000000
169 1548064568 5.200000 -1.000000 -101.000000 0.000000 0.000000
169 1548064569 5.200000 -1.000000 -101.000000 0.000000 0.000000
169 1548064570 5.200000 -1.000000 -101.000000 0.000000 0.000000
169 1548064571 5.200000 -1.000000 -101.000000 0.000000 0.000000
169 1548064572 5.200000 -1.000000 -101.000000 0.000000 0.000000
169 1548064573 3.600000 -1.000000 -101.000000 0.000000 0.000000
169 1548064574 3.600000 -1.000000 -101.000000 0.000000 0.000000
169 1548064575 3.600000 -1.000000 -101.000000 0.000000 0.000000
169 1548064576 3.600000 -1.000000 -101.000000 0.000000 0.000000
169 1548064577 3.600000 -1.000000 -101.000000 0.000000 0.000000
169 1548064578 3.800000 -1.000000 -101.000000 0.000000 0.000000
169 1548064579 3.800000 -1.000000 -101.000000 0.000000 0.000000
169 1548064580 3.800000 -1.000000 -101.000000 0.000000 0.000000
169 1548064581 3.800000 -1.000000 -101.000000 0.000000 0.000000
169 1548064582 3.800000 -1.000000 -101.000000 0.000000 0.000000
169 1548064583 4.600000 -1.000000 -101.000000 0.000000 0.000000
169 1548064584 4.600000 -1.000000 -101.000000 0.000000 0.000000
169 1548064585 4.600000 -1.000000 -101.000000 0.000000 0.000000
169 1548064586 4.600000 -1.000000 -101.000000 0.000000 0.000000
169 1548064587 4.600000 -1.000000 -101.000000 0.000000 0.000000
169 1548064588 2.400000 -1.000000 -101.000000 0.000000 0.000000
169 1548064589 2.400000 -1.000000 -101.000000 0.000000 0.000000
169 1548064590 2.400000 -1.000000 -101.000000 0.000000 0.000000
169 1548064591 2.400000 -1.000000 -101.000000 0.000000 0.000000
169 1548064592 2.400000 -1.000000 -101.000000 0.000000 0.000000
169 1548064593 3.400000 -1.000000 -101.000000 0.000000 0.000000
169 1548064594 3.400000 -1.000000 -101.000000 0.000000 0.000000
169 1548064595 3.400000 -1.000000 -101.000000 0.000000 0.000000
169 1548064596 3.400000 -1.000000 -101.000000 0.000000 0.000000
169 1548064597 3.400000 -1.000000 -101.000000 0.000000 0.000000
169 1548064598 2.400000 -1.000000 -101.000000 0.000000 0.000000
169 1548064599 2.400000 -1.000000 -101.000000 0.000000 0.000000
169 1548064600 2.400000 -1.000000 -101.000000 0.000000 0.000000
169 1548064601 2.400000 -1.000000 -101.000000 0.000000 0.000000
169 1548064602 2.400000 -1.000000 -101.000000 0.000000 0.000000
169 1548064603 4.600000 -1.000000 -101.000000 0.000000 0.000000
169 1548064604 4.600000 -1.000000 -101.000000 0.000000 0.000000
169 1548064605 4.600000 -1.000000 -101.000000 0.000000 0.000000
169 1548064606 4.600000 -1.000000 -101.000000 0.000000 0.000000
169 1548064607 4.600000 -1.000000 -101.000000 0.000000 0.000000
169 1548064608 5.600000 -1.000000 -101.000000 0.000000 0.000000
169 1548064609 5.600000 -1.000000 -101.000000 0.000000 0.000000
169 1548064610 5.600000 -1.000000 -101.000000 0.000000 0.000000
169 1548064611 5.600000 -1.000000 -101.000000 0.000000 0.000000
169 1548064612 5.600000 -1.000000 -101.000000 0.000000 0.000000
169 1548064613 3.000000 -1.000000 -101.000000 0.000000 0.000000
169 1548064614 3.000000 -1.000000 -101.000000 0.000000 0.000000
169 1548064615 3.000000 -1.000000 -101.000000 0.000000 0.000000
169 1548064616 3.000000 -1.000000 -101.000000 0.000000 0.000000
169 1548064617 3.000000 -1.000000 -101.000000 0.000000 0.000000
169 1548064618 3.400000 -1.000000 -101.000000 0.000000 0.000000
169 1548064619 3.400000 -1.000000 -101.000000 0.000000 0.000000
169 1548064620 3.400000 -1.000000 -101.000000 0.000000 0.000000
169 1548064621 3.400000 -1.000000 -101.000000 0.000000 0.000000
169 1548064622 3.400000 -1.000000 -101.000000 0.000000 0.000000
169 1548064623 7.400000 -1.000000 -101.000000 0.000000 0.000000
169 1548064624 7.400000 -1.000000 -101.000000 0.000000 0.000000
169 1548064625 7.400000 -1.000000 -101.000000 0.000000 0.000000
169 1548064626 7.400000 -1.000000 -101.000000 0.000000 0.000000
169 1548064627 7.400000 -1.000000 -101.000000 0.000000 0.000000
169 1548064628 2.200000 -1.000000 -101.000000 0.000000 0.000000
169 1548064629 2.200000 -1.000000 -101.000000 0.000000 0.000000
169 1548064630 2.200000 -1.000000 -101.000000 0.000000 0.000000
169 1548064631 2.200000 -1.000000 -101.000000 0.000000 0.000000
169 1548064632 2.200000 -1.000000 -101.000000 0.000000 0.000000
169 1548064633 3.000000 -1.000000 -101.000000 0.000000 0.000000
169 1548064634 3.000000 -1.000000 -101.000000 0.000000 0.000000
169 1548064635 3.000000 -1.000000 -101.000000 0.000000 0.000000
169 1548064636 3.000000 -1.000000 -101.000000 0.000000 0.000000
169 1548064637 3.000000 -1.000000 -101.000000 0.000000 0.000000
169 1548064638 3.400000 -1.000000 -101.000000 0.000000 0.000000
169 1548064639 3.400000 -1.000000 -101.000000 0.000000 0.000000
169 1548064640 3.400000 -1.000000 -101.000000 0.000000 0.000000
169 1548064641 3.400000 -1.000000 -101.000000 0.000000 0.000000
169 1548064642 3.400000 -1.000000 -101.000000 0.000000 0.000000
169 1548064643 4.000000 -1.000000 -101.000000 0.000000 0.000000
169 1548064644 4.000000 -1.000000 -101.000000 0.000000 0.000000
169 1548064645 4.000000 -1.000000 -101.000000 0.000000 0.000000
169 1548064646 4.000000 -1.000000 -101.000000 0.000000 0.000000
169 1548064647 4.000000 -1.000000 -101.000000 0.000000 0.000000
169 1548064648 4.200000 -1.000000 -101.000000 0.000000 0.000000
169 1548064649 4.200000 -1.000000 -101.000000 0.000000 0.000000
169 1548064650 4.200000 -1.000000 -101.000000 0.000000 0.000000
169 1548064651 4.200000 -1.000000 -101.000000 0.000000 0.000000
169 1548064652 4.200000 -1.000000 -101.000000 0.000000 0.000000
169 1548064653 5.200000 -1.000000 -101.000000 0.000000 0.000000
169 1548064654 5.200000 -1.000000 -101.000000 0.000000 0.000000
169 1548064655 5.200000 -1.000000 -101.000000 0.000000 0.000000
169 1548064656 5.200000 -1.000000 -101.000000 0.000000 0.000000
169 1548064657 5.200000 -1.000000 -101.000000 0.000000 0.000000
169 1548064658 2.800000 -1.000000 -101.000000 0.000000 0.000000
169 1548064659 2.800000 -1.000000 -101.000000 0.000000 0.000000
169 1548064660 2.800000 -1.000000 -101.000000 0.000000 0.000000
169 1548064661 2.800000 -1.000000 -101.000000 0.000000 0.000000
169 1548064662 2.800000 -1.000000 -101.000000 0.000000 0.000000
169 1548064663 5.200000 -1.000000 -101.000000 0.000000 0.000000
169 1548064664 5.200000 -1.000000 -101.000000 0.000000 0.000000
169 1548064665 5.200000 -1.000000 -101.000000 0.000000 0.000000
169 1548064666 5.200000 -1.000000 -101.000000 0.000000 0.000000
169 1548064667 5.200000 -1.000000 -101.000000 0.000000 0.000000
169 1548064668 5.000000 -1.000000 -101.000000 0.000000 0.000000
169 1548064669 5.000000 -1.000000 -101.000000 0.000000 0.000000
169 1548064670 5.000000 -1.000000 -101.000000 0.000000 0.000000
169 1548064671 5.000000 -1.000000 -101.000000 0.000000 0.000000
169 1548064672 5.000000 -1.000000 -101.000000 0.000000 0.000000
169 1548064673 3.600000 -1.000000 -101.000000 0.000000 0.000000
169 1548064674 3.600000 -1.000000 -101.000000 0.000000 0.000000
169 1548064675 3.600000 -1.000000 -101.000000 0.000000 0.000000
169 1548064676 3.600000 -1.000000 -101.000000 0.000000 0.000000
169 1548064677 3.600000 -1.000000 -101.000000 0.000000 0.000000
169 1548064678 2.200000 -1.000000 -101.000000 0.000000 0.000000
169 1548064679 2.200000 -1.000000 -101.000000 0.000000 0.000000
169 1548064680 2.200000 -1.000000 -101.000000 0.000000 0.000000
169 1548064681 2.200000 -1.000000 -101.000000 0.000000 0.000000
169 1548064682 2.200000 -1.000000 -101.000000 0.000000 0.000000
169 1548064683 5.200000 -1.000000 -101.000000 0.000000 0.000000
169 1548064684 5.200000 -1.000000 -101.000000 0.000000 0.000000
169 1548064685 5.200000 -1.000000 -101.000000 0.000000 0.000000
169 1548064686 5.200000 -1.000000 -101.000000 0.000000 0.000000
169 1548064687 5.200000 -1.000000 -101.000000 0.000000 0.000000
169 1548064688 3.000000 -1.000000 -101.000000 0.000000 0.000000
169 1548064689 3.000000 -1.000000 -101.000000 0.000000 0.000000
169 1548064690 3.000000 -1.000000 -101.000000 0.000000 0.000000
169 1548064691 3.000000 -1.000000 -101.000000 0.000000 0.000000
169 1548064692 3.000000 -1.000000 -101.000000 0.000000 0.000000
169 1548064693 4.400000 -1.000000 -101.000000 0.000000 0.000000
169 1548064694 4.400000 -1.000000 -101.000000 0.000000 0.000000
169 1548064695 4.400000 -1.000000 -101.000000 0.000000 0.000000
169 1548064696 4.400000 -1.000000 -101.000000 0.000000 0.000000
169 1548064697 4.400000 -1.000000 -101.000000 0.000000 0.000000
169 1548064698 2.200000 -1.000000 -101.000000 0.000000 0.000000
169 1548064699 2.200000 -1.000000 -101.000000 0.000000 0.000000
169 1548064700 2.200000 -1.000000 -101.000000 0.000000 0.000000
169 1548064701 2.200000 -1.000000 -101.000000 0.000000 0.000000
169 1548064702 2.200000 -1.000000 -101.000000 0.000000 0.000000
169 1548064703 4.000000 -1.000000 -101.000000 0.000000 0.000000
169 1548064704 4.000000 -1.000000 -101.000000 0.000000 0.000000
169 1548064705 4.000000 -1.000000 -101.000000 0.000000 0.000000
169 1548064706 4.000000 -1.000000 -101.000000 0.000000 0.000000
169 1548064707 4.000000 -1.000000 -101.000000 0.000000 0.000000
169 1548064708 4.400000 -1.000000 -101.000000 0.000000 0.000000
169 1548064709 4.400000 -1.000000 -101.000000 0.000000 0.000000
169 1548064710 4.400000 -1.000000 -101.000000 0.000000 0.000000
169 1548064711 4.400000 -1.000000 -101.000000 0.000000 0.000000
169 1548064712 4.400000 -1.000000 -101.000000 0.000000 0.000000
169 1548064713 4.800000 -1.000000 -101.000000 0.000000 0.000000
169 1548064714 4.800000 -1.000000 -101.000000 0.000000 0.000000
169 1548064715 4.800000 -1.000000 -101.000000 0.000000 0.000000
169 1548064716 4.800000 -1.000000 -101.000000 0.000000 0.000000
169 1548064717 4.800000 -1.000000 -101.000000 0.000000 0.000000
169 1548064718 2.400000 -1.000000 -101.000000 0.000000 0.000000
169 1548064719 2.400000 -1.000000 -101.000000 0.000000 0.000000
169 1548064720 2.400000 -1.000000 -101.000000 0.000000 0.000000
169 1548064721 2.400000 -1.000000 -101.000000 0.000000 0.000000
169 1548064722 2.400000 -1.000000 -101.000000 0.000000 0.000000
169 1548064723 4.400000 -1.000000 -101.000000 0.000000 0.000000
169 1548064724 4.400000 -1.000000 -101.000000 0.000000 0.000000
169 1548064725 4.400000 -1.000000 -101.000000 0.000000 0.000000
169 1548064726 4.400000 -1.000000 -101.000000 0.000000 0.000000
169 1548064727 4.400000 -1.000000 -101.000000 0.000000 0.000000
169 1548064728 3.600000 -1.000000 -101.000000 0.000000 0.000000
169 1548064729 3.600000 -1.000000 -101.000000 0.000000 0.000000
169 1548064730 3.600000 -1.000000 -101.000000 0.000000 0.000000
169 1548064731 3.600000 -1.000000 -101.000000 0.000000 0.000000
169 1548064732 3.600000 -1.000000 -101.000000 0.000000 0.000000
169 1548064733 3.000000 -1.000000 -101.000000 0.000000 0.000000
169 1548064734 3.000000 -1.000000 -101.000000 0.000000 0.000000
169 1548064735 3.000000 -1.000000 -101.000000 0.000000 0.000000
169 1548064736 3.000000 -1.000000 -101.000000 0.000000 0.000000
169 1548064737 3.000000 -1.000000 -101.000000 0.000000 0.000000
169 1548064738 4.200000 -1.000000 -101.000000 0.000000 0.000000
169 1548064739 4.200000 -1.000000 -101.000000 0.000000 0.000000
169 1548064740 4.200000 -1.000000 -101.000000 0.000000 0.000000
169 1548064741 4.200000 -1.000000 -101.000000 0.000000 0.000000
169 1548064742 4.200000 -1.000000 -101.000000 0.000000 0.000000
169 1548064743 5.200000 -1.000000 -101.000000 0.000000 0.000000
169 1548064744 5.200000 -1.000000 -101.000000 0.000000 0.000000
169 1548064745 5.200000 -1.000000 -101.000000 0.000000 0.000000
169 1548064746 5.200000 -1.000000 -101.000000 0.000000 0.000000
169 1548064747 5.200000 -1.000000 -101.000000 0.000000 0.000000
169 1548064748 2.000000 -1.000000 -101.000000 0.000000 0.000000
169 1548064749 2.000000 -1.000000 -101.000000 0.000000 0.000000
169 1548064750 2.000000 -1.000000 -101.000000 0.000000 0.000000
169 1548064751 2.000000 -1.000000 -101.000000 0.000000 0.000000
169 1548064752 2.000000 -1.000000 -101.000000 0.000000 0.000000
169 1548064753 4.200000 -1.000000 -101.000000 0.000000 0.000000
169 1548064754 4.200000 -1.000000 -101.000000 0.000000 0.000000
169 1548064755 4.200000 -1.000000 -101.000000 0.000000 0.000000
169 1548064756 4.200000 -1.000000 -101.000000 0.000000 0.000000
169 1548064757 4.200000 -1.000000 -101.000000 0.000000 0.000000
169 1548064758 4.400000 -1.000000 -101.000000 0.000000 0.000000
169 1548064759 4.400000 -1.000000 -101.000000 0.000000 0.000000
169 1548064760 4.400000 -1.000000 -101.000000 0.000000 0.000000
169 1548064761 4.400000 -1.000000 -101.000000 0.000000 0.000000
169 1548064762 4.400000 -1.000000 -101.000000 0.000000 0.000000
169 1548064763 4.200000 -1.000000 -101.000000 0.000000 0.000000
169 1548064764 4.200000 -1.000000 -101.000000 0.000000 0.000000
169 1548064765 4.200000 -1.000000 -101.000000 0.000000 0.000000
169 1548064766 4.200000 -1.000000 -101.000000 0.000000 0.000000
169 1548064767 4.200000 -1.000000 -101.000000 0.000000 0.000000
169 1548064768 3.600000 -1.000000 -101.000000 0.000000 0.000000
169 1548064769 3.600000 -1.000000 -101.000000 0.000000 0.000000
169 1548064770 3.600000 -1.000000 -101.000000 0.000000 0.000000
169 1548064771 3.600000 -1.000000 -101.000000 0.000000 0.000000
169 1548064772 3.600000 -1.000000 -101.000000 0.000000 0.000000
169 1548064773 4.800000 -1.000000 -101.000000 0.000000 0.000000
169 1548064774 4.800000 -1.000000 -101.000000 0.000000 0.000000
169 1548064775 4.800000 -1.000000 -101.000000 0.000000 0.000000
169 1548064776 4.800000 -1.000000 -101.000000 0.000000 0.000000
169 1548064777 4.800000 -1.000000 -101.000000 0.000000 0.000000
169 1548064778 2.800000 -1.000000 -101.000000 0.000000 0.000000
169 1548064779 2.800000 -1.000000 -101.000000 0.000000 0.000000
169 1548064780 2.800000 -1.000000 -101.000000 0.000000 0.000000
169 1548064781 2.800000 -1.000000 -101.000000 0.000000 0.000000
169 1548064782 2.800000 -1.000000 -101.000000 0.000000 0.000000
169 1548064783 5.200000 -1.000000 -101.000000 0.000000 0.000000
169 1548064784 5.200000 -1.000000 -101.000000 0.000000 0.000000
169 1548064785 5.200000 -1.000000 -101.000000 0.000000 0.000000
169 1548064786 5.200000 -1.000000 -101.000000 0.000000 0.000000
169 1548064787 5.200000 -1.000000 -101.000000 0.000000 0.000000
169 1548064788 2.200000 -1.000000 -101.000000 0.000000 0.000000
169 1548064789 2.200000 -1.000000 -101.000000 0.000000 0.000000
169 1548064790 2.200000 -1.000000 -101.000000 0.000000 0.000000
169 1548064791 2.200000 -1.000000 -101.000000 0.000000 0.000000
169 1548064792 2.200000 -1.000000 -101.000000 0.000000 0.000000
169 1548064793 3.800000 -1.000000 -101.000000 0.000000 0.000000
169 1548064794 3.800000 -1.000000 -101.000000 0.000000 0.000000
169 1548064795 3.800000 -1.000000 -101.000000 0.000000 0.000000
169 1548064796 3.800000 -1.000000 -101.000000 0.000000 0.000000
169 1548064797 3.800000 -1.000000 -101.000000 0.000000 0.000000
169 1548064798 3.000000 -1.000000 -101.000000 0.000000 0.000000
169 1548064799 3.000000 -1.000000 -101.000000 0.000000 0.000000
169 1548064800 3.000000 -1.000000 -101.000000 0.000000 0.000000
169 1548064801 3.000000 -1.000000 -101.000000 0.000000 0.000000
169 1548064802 3.000000 -1.000000 -101.000000 0.000000 0.000000
169 1548064803 4.000000 -1.000000 -101.000000 0.000000 0.000000
169 1548064804 4.000000 -1.000000 -101.000000 0.000000 0.000000
169 1548064805 4.000000 -1.000000 -101.000000 0.000000 0.000000
169 1548064806 4.000000 -1.000000 -101.000000 0.000000 0.000000
169 1548064807 4.000000 -1.000000 -101.000000 0.000000 0.000000
169 1548064808 4.000000 -1.000000 -101.000000 0.000000 0.000000
169 1548064809 4.000000 -1.000000 -101.000000 0.000000 0.000000
169 1548064810 4.000000 -1.000000 -101.000000 0.000000 0.000000
169 1548064811 4.000000 -1.000000 -101.000000 0.000000 0.000000
169 1548064812 4.000000 -1.000000 -101.000000 0.000000 0.000000
169 1548064813 4.200000 -1.000000 -101.000000 0.000000 0.000000
169 1548064814 4.200000 -1.000000 -101.000000 0.000000 0.000000
169 1548064815 4.200000 -1.000000 -101.000000 0.000000 0.000000
169 1548064816 4.200000 -1.000000 -101.000000 0.000000 0.000000
169 1548064817 4.200000 -1.000000 -101.000000 0.000000 0.000000
169 1548064818 3.200000 -1.000000 -101.000000 0.000000 0.000000
169 1548064819 3.200000 -1.000000 -101.000000 0.000000 0.000000
169 1548064820 3.200000 -1.000000 -101.000000 0.000000 0.000000
169 1548064821 3.200000 -1.000000 -101.000000 0.000000 0.000000
169 1548064822 3.200000 -1.000000 -101.000000 0.000000 0.000000
169 1548064823 5.200000 -1.000000 -101.000000 0.000000 0.000000
169 1548064824 5.200000 -1.000000 -101.000000 0.000000 0.000000
169 1548064825 5.200000 -1.000000 -101.000000 0.000000 0.000000
169 1548064826 5.200000 -1.000000 -101.000000 0.000000 0.000000
169 1548064827 5.200000 -1.000000 -101.000000 0.000000 0.000000
169 1548064828 2.200000 -1.000000 -101.000000 0.000000 0.000000
169 1548064829 2.200000 -1.000000 -101.000000 0.000000 0.000000
169 1548064830 2.200000 -1.000000 -101.000000 0.000000 0.000000
169 1548064831 2.200000 -1.000000 -101.000000 0.000000 0.000000
169 1548064832 2.200000 -1.000000 -101.000000 0.000000 0.000000
169 1548064833 2.800000 -1.000000 -101.000000 0.000000 0.000000
169 1548064834 2.800000 -1.000000 -101.000000 0.000000 0.000000
169 1548064835 2.800000 -1.000000 -101.000000 0.000000 0.000000
169 1548064836 2.800000 -1.000000 -101.000000 0.000000 0.000000
169 1548064837 2.800000 -1.000000 -101.000000 0.000000 0.000000
169 1548064838 4.200000 -1.000000 -101.000000 0.000000 0.000000
169 1548064839 4.200000 -1.000000 -101.000000 0.000000 0.000000
169 1548064840 4.200000 -1.000000 -101.000000 0.000000 0.000000
169 1548064841 4.200000 -1.000000 -101.000000 0.000000 0.000000
169 1548064842 4.200000 -1.000000 -101.000000 0.000000 0.000000
169 1548064843 6.200000 -1.000000 -101.000000 0.000000 0.000000
169 1548064844 6.200000 -1.000000 -101.000000 0.000000 0.000000
169 1548064845 6.200000 -1.000000 -101.000000 0.000000 0.000000
169 1548064846 6.200000 -1.000000 -101.000000 0.000000 0.000000
169 1548064847 6.200000 -1.000000 -101.000000 0.000000 0.000000
169 1548064848 3.000000 -1.000000 -101.000000 0.000000 0.000000
169 1548064849 3.000000 -1.000000 -101.000000 0.000000 0.000000
169 1548064850 3.000000 -1.000000 -101.000000 0.000000 0.000000
169 1548064851 3.000000 -1.000000 -101.000000 0.000000 0.000000
169 1548064852 3.000000 -1.000000 -101.000000 0.000000 0.000000
169 1548064853 5.400000 -1.000000 -101.000000 0.000000 0.000000
169 1548064854 5.400000 -1.000000 -101.000000 0.000000 0.000000
169 1548064855 5.400000 -1.000000 -101.000000 0.000000 0.000000
169 1548064856 5.400000 -1.000000 -101.000000 0.000000 0.000000
169 1548064857 5.400000 -1.000000 -101.000000 0.000000 0.000000
169 1548064858 3.600000 -1.000000 -101.000000 0.000000 0.000000
169 1548064859 3.600000 -1.000000 -101.000000 0.000000 0.000000
169 1548064860 3.600000 -1.000000 -101.000000 0.000000 0.000000
169 1548064861 3.600000 -1.000000 -101.000000 0.000000 0.000000
169 1548064862 3.600000 -1.000000 -101.000000 0.000000 0.000000
169 1548064863 2.000000 -1.000000 -101.000000 0.000000 0.000000
169 1548064864 2.000000 -1.000000 -101.000000 0.000000 0.000000
169 1548064865 2.000000 -1.000000 -101.000000 0.000000 0.000000
169 1548064866 2.000000 -1.000000 -101.000000 0.000000 0.000000
169 1548064867 2.000000 -1.000000 -101.000000 0.000000 0.000000
169 1548064868 4.400000 -1.000000 -101.000000 0.000000 0.000000
169 1548064869 4.400000 -1.000000 -101.000000 0.000000 0.000000
169 1548064870 4.400000 -1.000000 -101.000000 0.000000 0.000000
169 1548064871 4.400000 -1.000000 -101.000000 0.000000 0.000000
169 1548064872 4.400000 -1.000000 -101.000000 0.000000 0.000000
169 1548064873 4.400000 -1.000000 -101.000000 0.000000 0.000000
169 1548064874 4.400000 -1.000000 -101.000000 0.000000 0.000000
169 1548064875 4.400000 -1.000000 -101.000000 0.000000 0.000000
169 1548064876 4.400000 -1.000000 -101.000000 0.000000 0.000000
169 1548064877 4.400000 -1.000000 -101.000000 0.000000 0.000000
169 1548064878 4.800000 -1.000000 -101.000000 0.000000 0.000000
169 1548064879 4.800000 -1.000000 -101.000000 0.000000 0.000000
169 1548064880 4.800000 -1.000000 -101.000000 0.000000 0.000000
169 1548064881 4.800000 -1.000000 -101.000000 0.000000 0.000000
169 1548064882 4.800000 -1.000000 -101.000000 0.000000 0.000000
169 1548064883 4.600000 -1.000000 -101.000000 0.000000 0.000000
169 1548064884 4.600000 -1.000000 -101.000000 0.000000 0.000000
169 1548064885 4.600000 -1.000000 -101.000000 0.000000 0.000000
169 1548064886 4.600000 -1.000000 -101.000000 0.000000 0.000000
169 1548064887 4.600000 -1.000000 -101.000000 0.000000 0.000000
169 1548064888 2.800000 -1.000000 -101.000000 0.000000 0.000000
169 1548064889 2.800000 -1.000000 -101.000000 0.000000 0.000000
169 1548064890 2.800000 -1.000000 -101.000000 0.000000 0.000000
169 1548064891 2.800000 -1.000000 -101.000000 0.000000 0.000000
169 1548064892 2.800000 -1.000000 -101.000000 0.000000 0.000000
169 1548064893 4.800000 -1.000000 -101.000000 0.000000 0.000000
169 1548064894 4.800000 -1.000000 -101.000000 0.000000 0.000000
169 1548064895 4.800000 -1.000000 -101.000000 0.000000 0.000000
169 1548064896 4.800000 -1.000000 -101.000000 0.000000 0.000000
169 1548064897 4.800000 -1.000000 -101.000000 0.000000 0.000000
169 1548064898 4.200000 -1.000000 -101.000000 0.000000 0.000000
169 1548064899 4.200000 -1.000000 -101.000000 0.000000 0.000000
169 1548064900 4.200000 -1.000000 -101.000000 0.000000 0.000000
169 1548064901 4.200000 -1.000000 -101.000000 0.000000 0.000000
169 1548064902 4.200000 -1.000000 -101.000000 0.000000 0.000000
169 1548064903 4.000000 -1.000000 -101.000000 0.000000 0.000000
169 1548064904 4.000000 -1.000000 -101.000000 0.000000 0.000000
169 1548064905 4.000000 -1.000000 -101.000000 0.000000 0.000000
169 1548064906 4.000000 -1.000000 -101.000000 0.000000 0.000000
169 1548064907 4.000000 -1.000000 -101.000000 0.000000 0.000000
169 1548064908 1.200000 -1.000000 -101.000000 0.000000 0.000000
169 1548064909 1.200000 -1.000000 -101.000000 0.000000 0.000000
169 1548064910 1.200000 -1.000000 -101.000000 0.000000 0.000000
169 1548064911 1.200000 -1.000000 -101.000000 0.000000 0.000000
169 1548064912 1.200000 -1.000000 -101.000000 0.000000 0.000000
169 1548064913 4.600000 -1.000000 -101.000000 0.000000 0.000000
169 1548064914 4.600000 -1.000000 -101.000000 0.000000 0.000000
169 1548064915 4.600000 -1.000000 -101.000000 0.000000 0.000000
169 1548064916 4.600000 -1.000000 -101.000000 0.000000 0.000000
169 1548064917 4.600000 -1.000000 -101.000000 0.000000 0.000000
169 1548064918 2.800000 -1.000000 -101.000000 0.000000 0.000000
169 1548064919 2.800000 -1.000000 -101.000000 0.000000 0.000000
169 1548064920 2.800000 -1.000000 -101.000000 0.000000 0.000000
169 1548064921 2.800000 -1.000000 -101.000000 0.000000 0.000000
169 1548064922 2.800000 -1.000000 -101.000000 0.000000 0.000000
169 1548064923 5.000000 -1.000000 -101.000000 0.000000 0.000000
169 1548064924 5.000000 -1.000000 -101.000000 0.000000 0.000000
169 1548064925 5.000000 -1.000000 -101.000000 0.000000 0.000000
169 1548064926 5.000000 -1.000000 -101.000000 0.000000 0.000000
169 1548064927 5.000000 -1.000000 -101.000000 0.000000 0.000000
169 1548064928 3.400000 -1.000000 -101.000000 0.000000 0.000000
169 1548064929 3.400000 -1.000000 -101.000000 0.000000 0.000000
169 1548064930 3.400000 -1.000000 -101.000000 0.000000 0.000000
169 1548064931 3.400000 -1.000000 -101.000000 0.000000 0.000000
169 1548064932 3.400000 -1.000000 -101.000000 0.000000 0.000000
169 1548064933 3.800000 -1.000000 -101.000000 0.000000 0.000000
169 1548064934 3.800000 -1.000000 -101.000000 0.000000 0.000000
169 1548064935 3.800000 -1.000000 -101.000000 0.000000 0.000000
169 1548064936 3.800000 -1.000000 -101.000000 0.000000 0.000000
169 1548064937 3.800000 -1.000000 -101.000000 0.000000 0.000000
169 1548064938 3.800000 -1.000000 -101.000000 0.000000 0.000000
169 1548064939 3.800000 -1.000000 -101.000000 0.000000 0.000000
169 1548064940 3.800000 -1.000000 -101.000000 0.000000 0.000000
169 1548064941 3.800000 -1.000000 -101.000000 0.000000 0.000000
169 1548064942 3.800000 -1.000000 -101.000000 0.000000 0.000000
169 1548064943 3.400000 -1.000000 -101.000000 0.000000 0.000000
169 1548064944 3.400000 -1.000000 -101.000000 0.000000 0.000000
169 1548064945 3.400000 -1.000000 -101.000000 0.000000 0.000000
169 1548064946 3.400000 -1.000000 -101.000000 0.000000 0.000000
169 1548064947 3.400000 -1.000000 -101.000000 0.000000 0.000000
169 1548064948 2.800000 -1.000000 -101.000000 0.000000 0.000000
169 1548064949 2.800000 -1.000000 -101.000000 0.000000 0.000000
169 1548064950 2.800000 -1.000000 -101.000000 0.000000 0.000000
169 1548064951 2.800000 -1.000000 -101.000000 0.000000 0.000000
169 1548064952 2.800000 -1.000000 -101.000000 0.000000 0.000000
169 1548064953 3.600000 -1.000000 -101.000000 0.000000 0.000000
169 1548064954 3.600000 -1.000000 -101.000000 0.000000 0.000000
169 1548064955 3.600000 -1.000000 -101.000000 0.000000 0.000000
169 1548064956 3.600000 -1.000000 -101.000000 0.000000 0.000000
169 1548064957 3.600000 -1.000000 -101.000000 0.000000 0.000000
169 1548064958 4.400000 -1.000000 -101.000000 0.000000 0.000000
169 1548064959 4.400000 -1.000000 -101.000000 0.000000 0.000000
169 1548064960 4.400000 -1.000000 -101.000000 0.000000 0.000000
169 1548064961 4.400000 -1.000000 -101.000000 0.000000 0.000000
169 1548064962 4.400000 -1.000000 -101.000000 0.000000 0.000000
169 1548064963 6.200000 -1.000000 -101.000000 0.000000 0.000000
169 1548064964 6.200000 -1.000000 -101.000000 0.000000 0.000000
169 1548064965 6.200000 -1.000000 -101.000000 0.000000 0.000000
169 1548064966 6.200000 -1.000000 -101.000000 0.000000 0.000000
169 1548064967 6.200000 -1.000000 -101.000000 0.000000 0.000000
169 1548064968 3.400000 -1.000000 -101.000000 0.000000 0.000000
169 1548064969 3.400000 -1.000000 -101.000000 0.000000 0.000000
169 1548064970 3.400000 -1.000000 -101.000000 0.000000 0.000000
169 1548064971 3.400000 -1.000000 -101.000000 0.000000 0.000000
169 1548064972 3.400000 -1.000000 -101.000000 0.000000 0.000000
169 1548064973 5.400000 -1.000000 -101.000000 0.000000 0.000000
169 1548064974 5.400000 -1.000000 -101.000000 0.000000 0.000000
169 1548064975 5.400000 -1.000000 -101.000000 0.000000 0.000000
169 1548064976 5.400000 -1.000000 -101.000000 0.000000 0.000000
169 1548064977 5.400000 -1.000000 -101.000000 0.000000 0.000000
169 1548064978 2.600000 -1.000000 -101.000000 0.000000 0.000000
169 1548064979 2.600000 -1.000000 -101.000000 0.000000 0.000000
169 1548064980 2.600000 -1.000000 -101.000000 0.000000 0.000000
169 1548064981 2.600000 -1.000000 -101.000000 0.000000 0.000000
169 1548064982 2.600000 -1.000000 -101.000000 0.000000 0.000000
169 1548064983 3.400000 -1.000000 -101.000000 0.000000 0.000000
169 1548064984 3.400000 -1.000000 -101.000000 0.000000 0.000000
169 1548064985 3.400000 -1.000000 -101.000000 0.000000 0.000000
169 1548064986 3.400000 -1.000000 -101.000000 0.000000 0.000000
169 1548064987 3.400000 -1.000000 -101.000000 0.000000 0.000000
169 1548064988 3.600000 -1.000000 -101.000000 0.000000 0.000000
169 1548064989 3.600000 -1.000000 -101.000000 0.000000 0.000000
169 1548064990 3.600000 -1.000000 -101.000000 0.000000 0.000000
169 1548064991 3.600000 -1.000000 -101.000000 0.000000 0.000000
169 1548064992 3.600000 -1.000000 -101.000000 0.000000 0.000000
169 1548064993 3.000000 -1.000000 -101.000000 0.000000 0.000000
169 1548064994 3.000000 -1.000000 -101.000000 0.000000 0.000000
169 1548064995 3.000000 -1.000000 -101.000000 0.000000 0.000000
169 1548064996 3.000000 -1.000000 -101.000000 0.000000 0.000000
169 1548064997 3.000000 -1.000000 -101.000000 0.000000 0.000000
169 1548064998 3.600000 -1.000000 -101.000000 0.000000 0.000000
169 1548064999 3.600000 -1.000000 -101.000000 0.000000 0.000000
169 1548065000 3.600000 -1.000000 -101.000000 0.000000 0.000000
169 1548065001 3.600000 -1.000000 -101.000000 0.000000 0.000000
169 1548065002 3.600000 -1.000000 -101.000000 0.000000 0.000000
169 1548065003 4.200000 -1.000000 -101.000000 0.000000 0.000000
169 1548065004 4.200000 -1.000000 -101.000000 0.000000 0.000000
169 1548065005 4.200000 -1.000000 -101.000000 0.000000 0.000000
169 1548065006 4.200000 -1.000000 -101.000000 0.000000 0.000000
169 1548065007 4.200000 -1.000000 -101.000000 0.000000 0.000000
169 1548065008 4.600000 -1.000000 -101.000000 0.000000 0.000000
169 1548065009 4.600000 -1.000000 -101.000000 0.000000 0.000000
169 1548065010 4.600000 -1.000000 -101.000000 0.000000 0.000000
169 1548065011 4.600000 -1.000000 -101.000000 0.000000 0.000000
169 1548065012 4.600000 -1.000000 -101.000000 0.000000 0.000000
169 1548065013 3.800000 -1.000000 -101.000000 0.000000 0.000000
169 1548065014 3.800000 -1.000000 -101.000000 0.000000 0.000000
169 1548065015 3.800000 -1.000000 -101.000000 0.000000 0.000000
169 1548065016 3.800000 -1.000000 -101.000000 0.000000 0.000000
169 1548065017 3.800000 -1.000000 -101.000000 0.000000 0.000000
169 1548065018 3.800000 -1.000000 -101.000000 0.000000 0.000000
169 1548065019 3.800000 -1.000000 -101.000000 0.000000 0.000000
169 1548065020 3.800000 -1.000000 -101.000000 0.000000 0.000000
169 1548065021 3.800000 -1.000000 -101.000000 0.000000 0.000000
169 1548065022 3.800000 -1.000000 -101.000000 0.000000 0.000000
169 1548065023 3.200000 -1.000000 -101.000000 0.000000 0.000000
169 1548065024 3.200000 -1.000000 -101.000000 0.000000 0.000000
169 1548065025 3.200000 -1.000000 -101.000000 0.000000 0.000000
169 1548065026 3.200000 -1.000000 -101.000000 0.000000 0.000000
169 1548065027 3.200000 -1.000000 -101.000000 0.000000 0.000000
169 1548065028 5.000000 -1.000000 -101.000000 0.000000 0.000000
169 1548065029 5.000000 -1.000000 -101.000000 0.000000 0.000000
169 1548065030 5.000000 -1.000000 -101.000000 0.000000 0.000000
169 1548065031 5.000000 -1.000000 -101.000000 0.000000 0.000000
169 1548065032 5.000000 -1.000000 -101.000000 0.000000 0.000000
169 1548065033 2.400000 -1.000000 -101.000000 0.000000 0.000000
169 1548065034 2.400000 -1.000000 -101.000000 0.000000 0.000000
169 1548065035 2.400000 -1.000000 -101.000000 0.000000 0.000000
169 1548065036 2.400000 -1.000000 -101.000000 0.000000 0.000000
169 1548065037 2.400000 -1.000000 -101.000000 0.000000 0.000000
169 1548065038 4.200000 -1.000000 -101.000000 0.000000 0.000000
169 1548065039 4.200000 -1.000000 -101.000000 0.000000 0.000000
169 1548065040 4.200000 -1.000000 -101.000000 0.000000 0.000000
169 1548065041 4.200000 -1.000000 -101.000000 0.000000 0.000000
169 1548065042 4.200000 -1.000000 -101.000000 0.000000 0.000000
169 1548065043 4.600000 -1.000000 -101.000000 0.000000 0.000000
169 1548065044 4.600000 -1.000000 -101.000000 0.000000 0.000000
169 1548065045 4.600000 -1.000000 -101.000000 0.000000 0.000000
169 1548065046 4.600000 -1.000000 -101.000000 0.000000 0.000000
169 1548065047 4.600000 -1.000000 -101.000000 0.000000 0.000000
169 1548065048 2.400000 -1.000000 -101.000000 0.000000 0.000000
169 1548065049 2.400000 -1.000000 -101.000000 0.000000 0.000000
169 1548065050 2.400000 -1.000000 -101.000000 0.000000 0.000000
169 1548065051 2.400000 -1.000000 -101.000000 0.000000 0.000000
169 1548065052 2.400000 -1.000000 -101.000000 0.000000 0.000000
169 1548065053 5.200000 -1.000000 -101.000000 0.000000 0.000000
169 1548065054 5.200000 -1.000000 -101.000000 0.000000 0.000000
169 1548065055 5.200000 -1.000000 -101.000000 0.000000 0.000000
169 1548065056 5.200000 -1.000000 -101.000000 0.000000 0.000000
169 1548065057 5.200000 -1.000000 -101.000000 0.000000 0.000000
169 1548065058 3.800000 -1.000000 -101.000000 0.000000 0.000000
169 1548065059 3.800000 -1.000000 -101.000000 0.000000 0.000000
169 1548065060 3.800000 -1.000000 -101.000000 0.000000 0.000000
169 1548065061 3.800000 -1.000000 -101.000000 0.000000 0.000000
169 1548065062 3.800000 -1.000000 -101.000000 0.000000 0.000000
169 1548065063 3.200000 -1.000000 -101.000000 0.000000 0.000000
169 1548065064 3.200000 -1.000000 -101.000000 0.000000 0.000000
169 1548065065 3.200000 -1.000000 -101.000000 0.000000 0.000000
169 1548065066 3.200000 -1.000000 -101.000000 0.000000 0.000000
169 1548065067 3.200000 -1.000000 -101.000000 0.000000 0.000000
169 1548065068 4.200000 -1.000000 -101.000000 0.000000 0.000000
169 1548065069 4.200000 -1.000000 -101.000000 0.000000 0.000000
169 1548065070 4.200000 -1.000000 -101.000000 0.000000 0.000000
169 1548065071 4.200000 -1.000000 -101.000000 0.000000 0.000000
169 1548065072 4.200000 -1.000000 -101.000000 0.000000 0.000000
169 1548065073 5.000000 -1.000000 -101.000000 0.000000 0.000000
169 1548065074 5.000000 -1.000000 -101.000000 0.000000 0.000000
169 1548065075 5.000000 -1.000000 -101.000000 0.000000 0.000000
169 1548065076 5.000000 -1.000000 -101.000000 0.000000 0.000000
169 1548065077 5.000000 -1.000000 -101.000000 0.000000 0.000000
169 1548065078 2.200000 -1.000000 -101.000000 0.000000 0.000000
169 1548065079 2.200000 -1.000000 -101.000000 0.000000 0.000000
169 1548065080 2.200000 -1.000000 -101.000000 0.000000 0.000000
169 1548065081 2.200000 -1.000000 -101.000000 0.000000 0.000000
169 1548065082 2.200000 -1.000000 -101.000000 0.000000 0.000000
169 1548065083 4.800000 -1.000000 -101.000000 0.000000 0.000000
169 1548065084 4.800000 -1.000000 -101.000000 0.000000 0.000000
169 1548065085 4.800000 -1.000000 -101.000000 0.000000 0.000000
169 1548065086 4.800000 -1.000000 -101.000000 0.000000 0.000000
169 1548065087 4.800000 -1.000000 -101.000000 0.000000 0.000000
169 1548065088 3.800000 -1.000000 -101.000000 0.000000 0.000000
169 1548065089 3.800000 -1.000000 -101.000000 0.000000 0.000000
169 1548065090 3.800000 -1.000000 -101.000000 0.000000 0.000000
169 1548065091 3.800000 -1.000000 -101.000000 0.000000 0.000000
169 1548065092 3.800000 -1.000000 -101.000000 0.000000 0.000000
169 1548065093 4.200000 -1.000000 -101.000000 0.000000 0.000000
169 1548065094 4.200000 -1.000000 -101.000000 0.000000 0.000000
169 1548065095 4.200000 -1.000000 -101.000000 0.000000 0.000000
169 1548065096 4.200000 -1.000000 -101.000000 0.000000 0.000000
169 1548065097 4.200000 -1.000000 -101.000000 0.000000 0.000000
169 1548065098 2.000000 -1.000000 -101.000000 0.000000 0.000000
169 1548065099 2.000000 -1.000000 -101.000000 0.000000 0.000000
169 1548065100 2.000000 -1.000000 -101.000000 0.000000 0.000000
169 1548065101 2.000000 -1.000000 -101.000000 0.000000 0.000000
169 1548065102 2.000000 -1.000000 -101.000000 0.000000 0.000000
169 1548065103 5.400000 -1.000000 -101.000000 0.000000 0.000000
169 1548065104 5.400000 -1.000000 -101.000000 0.000000 0.000000
169 1548065105 5.400000 -1.000000 -101.000000 0.000000 0.000000
169 1548065106 5.400000 -1.000000 -101.000000 0.000000 0.000000
169 1548065107 5.400000 -1.000000 -101.000000 0.000000 0.000000
169 1548065108 4.000000 -1.000000 -101.000000 0.000000 0.000000
169 1548065109 4.000000 -1.000000 -101.000000 0.000000 0.000000
169 1548065110 4.000000 -1.000000 -101.000000 0.000000 0.000000
169 1548065111 4.000000 -1.000000 -101.000000 0.000000 0.000000
169 1548065112 4.000000 -1.000000 -101.000000 0.000000 0.000000
169 1548065113 4.800000 -1.000000 -101.000000 0.000000 0.000000
169 1548065114 4.800000 -1.000000 -101.000000 0.000000 0.000000
169 1548065115 4.800000 -1.000000 -101.000000 0.000000 0.000000
169 1548065116 4.800000 -1.000000 -101.000000 0.000000 0.000000
169 1548065117 4.800000 -1.000000 -101.000000 0.000000 0.000000
169 1548065118 1.200000 -1.000000 -101.000000 0.000000 0.000000
169 1548065119 1.200000 -1.000000 -101.000000 0.000000 0.000000
169 1548065120 1.200000 -1.000000 -101.000000 0.000000 0.000000
169 1548065121 1.200000 -1.000000 -101.000000 0.000000 0.000000
169 1548065122 1.200000 -1.000000 -101.000000 0.000000 0.000000
169 1548065123 5.200000 -1.000000 -101.000000 0.000000 0.000000
169 1548065124 5.200000 -1.000000 -101.000000 0.000000 0.000000
169 1548065125 5.200000 -1.000000 -101.000000 0.000000 0.000000
169 1548065126 5.200000 -1.000000 -101.000000 0.000000 0.000000
169 1548065127 5.200000 -1.000000 -101.000000 0.000000 0.000000
169 1548065128 3.400000 -1.000000 -101.000000 0.000000 0.000000
169 1548065129 3.400000 -1.000000 -101.000000 0.000000 0.000000
169 1548065130 3.400000 -1.000000 -101.000000 0.000000 0.000000
169 1548065131 3.400000 -1.000000 -101.000000 0.000000 0.000000
169 1548065132 3.400000 -1.000000 -101.000000 0.000000 0.000000
169 1548065133 4.200000 -1.000000 -101.000000 0.000000 0.000000
169 1548065134 4.200000 -1.000000 -101.000000 0.000000 0.000000
169 1548065135 4.200000 -1.000000 -101.000000 0.000000 0.000000
169 1548065136 4.200000 -1.000000 -101.000000 0.000000 0.000000
169 1548065137 4.200000 -1.000000 -101.000000 0.000000 0.000000
169 1548065138 2.400000 -1.000000 -101.000000 0.000000 0.000000
169 1548065139 2.400000 -1.000000 -101.000000 0.000000 0.000000
169 1548065140 2.400000 -1.000000 -101.000000 0.000000 0.000000
169 1548065141 2.400000 -1.000000 -101.000000 0.000000 0.000000
169 1548065142 2.400000 -1.000000 -101.000000 0.000000 0.000000
169 1548065143 4.000000 -1.000000 -101.000000 0.000000 0.000000
169 1548065144 4.000000 -1.000000 -101.000000 0.000000 0.000000
169 1548065145 4.000000 -1.000000 -101.000000 0.000000 0.000000
169 1548065146 4.000000 -1.000000 -101.000000 0.000000 0.000000
169 1548065147 4.000000 -1.000000 -101.000000 0.000000 0.000000
169 1548065148 3.000000 -1.000000 -101.000000 0.000000 0.000000
169 1548065149 3.000000 -1.000000 -101.000000 0.000000 0.000000
169 1548065150 3.000000 -1.000000 -101.000000 0.000000 0.000000
169 1548065151 3.000000 -1.000000 -101.000000 0.000000 0.000000
169 1548065152 3.000000 -1.000000 -101.000000 0.000000 0.000000
169 1548065153 5.800000 -1.000000 -101.000000 0.000000 0.000000
169 1548065154 5.800000 -1.000000 -101.000000 0.000000 0.000000
169 1548065155 5.800000 -1.000000 -101.000000 0.000000 0.000000
169 1548065156 5.800000 -1.000000 -101.000000 0.000000 0.000000
169 1548065157 5.800000 -1.000000 -101.000000 0.000000 0.000000
169 1548065158 3.200000 -1.000000 -101.000000 0.000000 0.000000
169 1548065159 3.200000 -1.000000 -101.000000 0.000000 0.000000
169 1548065160 3.200000 -1.000000 -101.000000 0.000000 0.000000
169 1548065161 3.200000 -1.000000 -101.000000 0.000000 0.000000
169 1548065162 3.200000 -1.000000 -101.000000 0.000000 0.000000
169 1548065163 4.400000 -1.000000 -101.000000 0.000000 0.000000
169 1548065164 4.400000 -1.000000 -101.000000 0.000000 0.000000
169 1548065165 4.400000 -1.000000 -101.000000 0.000000 0.000000
169 1548065166 4.400000 -1.000000 -101.000000 0.000000 0.000000
169 1548065167 4.400000 -1.000000 -101.000000 0.000000 0.000000
169 1548065168 5.200000 -1.000000 -101.000000 0.000000 0.000000
169 1548065169 5.200000 -1.000000 -101.000000 0.000000 0.000000
169 1548065170 5.200000 -1.000000 -101.000000 0.000000 0.000000
169 1548065171 5.200000 -1.000000 -101.000000 0.000000 0.000000
169 1548065172 5.200000 -1.000000 -101.000000 0.000000 0.000000
169 1548065173 3.200000 -1.000000 -101.000000 0.000000 0.000000
169 1548065174 3.200000 -1.000000 -101.000000 0.000000 0.000000
169 1548065175 3.200000 -1.000000 -101.000000 0.000000 0.000000
169 1548065176 3.200000 -1.000000 -101.000000 0.000000 0.000000
169 1548065177 3.200000 -1.000000 -101.000000 0.000000 0.000000
169 1548065178 3.800000 -1.000000 -101.000000 0.000000 0.000000
169 1548065179 3.800000 -1.000000 -101.000000 0.000000 0.000000
169 1548065180 3.800000 -1.000000 -101.000000 0.000000 0.000000
169 1548065181 3.800000 -1.000000 -101.000000 0.000000 0.000000
169 1548065182 3.800000 -1.000000 -101.000000 0.000000 0.000000
169 1548065183 4.800000 -1.000000 -101.000000 0.000000 0.000000
169 1548065184 4.800000 -1.000000 -101.000000 0.000000 0.000000
169 1548065185 4.800000 -1.000000 -101.000000 0.000000 0.000000
169 1548065186 4.800000 -1.000000 -101.000000 0.000000 0.000000
169 1548065187 4.800000 -1.000000 -101.000000 0.000000 0.000000
169 1548065188 2.000000 -1.000000 -101.000000 0.000000 0.000000
169 1548065189 2.000000 -1.000000 -101.000000 0.000000 0.000000
169 1548065190 2.000000 -1.000000 -101.000000 0.000000 0.000000
169 1548065191 2.000000 -1.000000 -101.000000 0.000000 0.000000
169 1548065192 2.000000 -1.000000 -101.000000 0.000000 0.000000
169 1548065193 3.200000 -1.000000 -101.000000 0.000000 0.000000
169 1548065194 3.200000 -1.000000 -101.000000 0.000000 0.000000
169 1548065195 3.200000 -1.000000 -101.000000 0.000000 0.000000
169 1548065196 3.200000 -1.000000 -101.000000 0.000000 0.000000
169 1548065197 3.200000 -1.000000 -101.000000 0.000000 0.000000
169 1548065198 4.600000 -1.000000 -101.000000 0.000000 0.000000
169 1548065199 4.600000 -1.000000 -101.000000 0.000000 0.000000
169 1548065200 4.600000 -1.000000 -101.000000 0.000000 0.000000
169 1548065201 4.600000 -1.000000 -101.000000 0.000000 0.000000
169 1548065202 4.600000 -1.000000 -101.000000 0.000000 0.000000
169 1548065203 4.200000 -1.000000 -101.000000 0.000000 0.000000
169 1548065204 4.200000 -1.000000 -101.000000 0.000000 0.000000
169 1548065205 4.200000 -1.000000 -101.000000 0.000000 0.000000
169 1548065206 4.200000 -1.000000 -101.000000 0.000000 0.000000
169 1548065207 4.200000 -1.000000 -101.000000 0.000000 0.000000
169 1548065208 3.800000 -1.000000 -101.000000 0.000000 0.000000
169 1548065209 3.800000 -1.000000 -101.000000 0.000000 0.000000
169 1548065210 3.800000 -1.000000 -101.000000 0.000000 0.000000
169 1548065211 3.800000 -1.000000 -101.000000 0.000000 0.000000
169 1548065212 3.800000 -1.000000 -101.000000 0.000000 0.000000
169 1548065213 3.200000 -1.000000 -101.000000 0.000000 0.000000
169 1548065214 3.200000 -1.000000 -101.000000 0.000000 0.000000
169 1548065215 3.200000 -1.000000 -101.000000 0.000000 0.000000
169 1548065216 3.200000 -1.000000 -101.000000 0.000000 0.000000
169 1548065217 3.200000 -1.000000 -101.000000 0.000000 0.000000
169 1548065218 3.000000 -1.000000 -101.000000 0.000000 0.000000
169 1548065219 3.000000 -1.000000 -101.000000 0.000000 0.000000
169 1548065220 3.000000 -1.000000 -101.000000 0.000000 0.000000
169 1548065221 3.000000 -1.000000 -101.000000 0.000000 0.000000
169 1548065222 3.000000 -1.000000 -101.000000 0.000000 0.000000
169 1548065223 4.800000 -1.000000 -101.000000 0.000000 0.000000
169 1548065224 4.800000 -1.000000 -101.000000 0.000000 0.000000
169 1548065225 4.800000 -1.000000 -101.000000 0.000000 0.000000
169 1548065226 4.800000 -1.000000 -101.000000 0.000000 0.000000
169 1548065227 4.800000 -1.000000 -101.000000 0.000000 0.000000
169 1548065228 2.400000 -1.000000 -101.000000 0.000000 0.000000
169 1548065229 2.400000 -1.000000 -101.000000 0.000000 0.000000
169 1548065230 2.400000 -1.000000 -101.000000 0.000000 0.000000
169 1548065231 2.400000 -1.000000 -101.000000 0.000000 0.000000
169 1548065232 2.400000 -1.000000 -101.000000 0.000000 0.000000
169 1548065233 4.600000 -1.000000 -101.000000 0.000000 0.000000
169 1548065234 4.600000 -1.000000 -101.000000 0.000000 0.000000
169 1548065235 4.600000 -1.000000 -101.000000 0.000000 0.000000
169 1548065236 4.600000 -1.000000 -101.000000 0.000000 0.000000
169 1548065237 4.600000 -1.000000 -101.000000 0.000000 0.000000
169 1548065238 4.000000 -1.000000 -101.000000 0.000000 0.000000
169 1548065239 4.000000 -1.000000 -101.000000 0.000000 0.000000
169 1548065240 4.000000 -1.000000 -101.000000 0.000000 0.000000
169 1548065241 4.000000 -1.000000 -101.000000 0.000000 0.000000
169 1548065242 4.000000 -1.000000 -101.000000 0.000000 0.000000
169 1548065243 4.000000 -1.000000 -101.000000 0.000000 0.000000
169 1548065244 4.000000 -1.000000 -101.000000 0.000000 0.000000
169 1548065245 4.000000 -1.000000 -101.000000 0.000000 0.000000
169 1548065246 4.000000 -1.000000 -101.000000 0.000000 0.000000
169 1548065247 4.000000 -1.000000 -101.000000 0.000000 0.000000
169 1548065248 3.200000 -1.000000 -101.000000 0.000000 0.000000
169 1548065249 3.200000 -1.000000 -101.000000 0.000000 0.000000
169 1548065250 3.200000 -1.000000 -101.000000 0.000000 0.000000
169 1548065251 3.200000 -1.000000 -101.000000 0.000000 0.000000
169 1548065252 3.200000 -1.000000 -101.000000 0.000000 0.000000
169 1548065253 7.400000 -1.000000 -101.000000 0.000000 0.000000
169 1548065254 7.400000 -1.000000 -101.000000 0.000000 0.000000
169 1548065255 7.400000 -1.000000 -101.000000 0.000000 0.000000
169 1548065256 7.400000 -1.000000 -101.000000 0.000000 0.000000
169 1548065257 7.400000 -1.000000 -101.000000 0.000000 0.000000
169 1548065258 4.600000 -1.000000 -101.000000 0.000000 0.000000
169 1548065259 4.600000 -1.000000 -101.000000 0.000000 0.000000
169 1548065260 4.600000 -1.000000 -101.000000 0.000000 0.000000
169 1548065261 4.600000 -1.000000 -101.000000 0.000000 0.000000
169 1548065262 4.600000 -1.000000 -101.000000 0.000000 0.000000
169 1548065263 2.800000 -1.000000 -101.000000 0.000000 0.000000
169 1548065264 2.800000 -1.000000 -101.000000 0.000000 0.000000
169 1548065265 2.800000 -1.000000 -101.000000 0.000000 0.000000
169 1548065266 2.800000 -1.000000 -101.000000 0.000000 0.000000
169 1548065267 2.800000 -1.000000 -101.000000 0.000000 0.000000
169 1548065268 3.800000 -1.000000 -101.000000 0.000000 0.000000
169 1548065269 3.800000 -1.000000 -101.000000 0.000000 0.000000
169 1548065270 3.800000 -1.000000 -101.000000 0.000000 0.000000
169 1548065271 3.800000 -1.000000 -101.000000 0.000000 0.000000
169 1548065272 3.800000 -1.000000 -101.000000 0.000000 0.000000
169 1548065273 4.400000 -1.000000 -101.000000 0.000000 0.000000
169 1548065274 4.400000 -1.000000 -101.000000 0.000000 0.000000
169 1548065275 4.400000 -1.000000 -101.000000 0.000000 0.000000
169 1548065276 4.400000 -1.000000 -101.000000 0.000000 0.000000
169 1548065277 4.400000 -1.000000 -101.000000 0.000000 0.000000
169 1548065278 4.800000 -1.000000 -101.000000 0.000000 0.000000
169 1548065279 4.800000 -1.000000 -101.000000 0.000000 0.000000
169 1548065280 4.800000 -1.000000 -101.000000 0.000000 0.000000
169 1548065281 4.800000 -1.000000 -101.000000 0.000000 0.000000
169 1548065282 4.800000 -1.000000 -101.000000 0.000000 0.000000
169 1548065283 4.200000 -1.000000 -101.000000 0.000000 0.000000
169 1548065284 4.200000 -1.000000 -101.000000 0.000000 0.000000
169 1548065285 4.200000 -1.000000 -101.000000 0.000000 0.000000
169 1548065286 4.200000 -1.000000 -101.000000 0.000000 0.000000
169 1548065287 4.200000 -1.000000 -101.000000 0.000000 0.000000
169 1548065288 4.400000 -1.000000 -101.000000 0.000000 0.000000
169 1548065289 4.400000 -1.000000 -101.000000 0.000000 0.000000
169 1548065290 4.400000 -1.000000 -101.000000 0.000000 0.000000
169 1548065291 4.400000 -1.000000 -101.000000 0.000000 0.000000
169 1548065292 4.400000 -1.000000 -101.000000 0.000000 0.000000
169 1548065293 4.400000 -1.000000 -101.000000 0.000000 0.000000
169 1548065294 4.400000 -1.000000 -101.000000 0.000000 0.000000
169 1548065295 4.400000 -1.000000 -101.000000 0.000000 0.000000
169 1548065296 4.400000 -1.000000 -101.000000 0.000000 0.000000
169 1548065297 4.400000 -1.000000 -101.000000 0.000000 0.000000
169 1548065298 4.400000 -1.000000 -101.000000 0.000000 0.000000
169 1548065299 4.400000 -1.000000 -101.000000 0.000000 0.000000
169 1548065300 4.400000 -1.000000 -101.000000 0.000000 0.000000
169 1548065301 4.400000 -1.000000 -101.000000 0.000000 0.000000
169 1548065302 4.400000 -1.000000 -101.000000 0.000000 0.000000
169 1548065303 2.800000 -1.000000 -101.000000 0.000000 0.000000
169 1548065304 2.800000 -1.000000 -101.000000 0.000000 0.000000
169 1548065305 2.800000 -1.000000 -101.000000 0.000000 0.000000
169 1548065306 2.800000 -1.000000 -101.000000 0.000000 0.000000
169 1548065307 2.800000 -1.000000 -101.000000 0.000000 0.000000
169 1548065308 2.800000 -1.000000 -101.000000 0.000000 0.000000
169 1548065309 2.800000 -1.000000 -101.000000 0.000000 0.000000
169 1548065310 2.800000 -1.000000 -101.000000 0.000000 0.000000
169 1548065311 2.800000 -1.000000 -101.000000 0.000000 0.000000
169 1548065312 2.800000 -1.000000 -101.000000 0.000000 0.000000
169 1548065313 5.400000 -1.000000 -101.000000 0.000000 0.000000
169 1548065314 5.400000 -1.000000 -101.000000 0.000000 0.000000
169 1548065315 5.400000 -1.000000 -101.000000 0.000000 0.000000
169 1548065316 5.400000 -1.000000 -101.000000 0.000000 0.000000
169 1548065317 5.400000 -1.000000 -101.000000 0.000000 0.000000
169 1548065318 4.200000 -1.000000 -101.000000 0.000000 0.000000
169 1548065319 4.200000 -1.000000 -101.000000 0.000000 0.000000
169 1548065320 4.200000 -1.000000 -101.000000 0.000000 0.000000
169 1548065321 4.200000 -1.000000 -101.000000 0.000000 0.000000
169 1548065322 4.200000 -1.000000 -101.000000 0.000000 0.000000
169 1548065323 4.000000 -1.000000 -101.000000 0.000000 0.000000
169 1548065324 4.000000 -1.000000 -101.000000 0.000000 0.000000
169 1548065325 4.000000 -1.000000 -101.000000 0.000000 0.000000
169 1548065326 4.000000 -1.000000 -101.000000 0.000000 0.000000
169 1548065327 4.000000 -1.000000 -101.000000 0.000000 0.000000
169 1548065328 3.400000 -1.000000 -101.000000 0.000000 0.000000
169 1548065329 3.400000 -1.000000 -101.000000 0.000000 0.000000
169 1548065330 3.400000 -1.000000 -101.000000 0.000000 0.000000
169 1548065331 3.400000 -1.000000 -101.000000 0.000000 0.000000
169 1548065332 3.400000 -1.000000 -101.000000 0.000000 0.000000
169 1548065333 5.800000 -1.000000 -101.000000 0.000000 0.000000
169 1548065334 5.800000 -1.000000 -101.000000 0.000000 0.000000
169 1548065335 5.800000 -1.000000 -101.000000 0.000000 0.000000
169 1548065336 5.800000 -1.000000 -101.000000 0.000000 0.000000
169 1548065337 5.800000 -1.000000 -101.000000 0.000000 0.000000
169 1548065338 2.400000 -1.000000 -101.000000 0.000000 0.000000
169 1548065339 2.400000 -1.000000 -101.000000 0.000000 0.000000
169 1548065340 2.400000 -1.000000 -101.000000 0.000000 0.000000
169 1548065341 2.400000 -1.000000 -101.000000 0.000000 0.000000
169 1548065342 2.400000 -1.000000 -101.000000 0.000000 0.000000
169 1548065343 2.800000 -1.000000 -101.000000 0.000000 0.000000
169 1548065344 2.800000 -1.000000 -101.000000 0.000000 0.000000
169 1548065345 2.800000 -1.000000 -101.000000 0.000000 0.000000
169 1548065346 2.800000 -1.000000 -101.000000 0.000000 0.000000
169 1548065347 2.800000 -1.000000 -101.000000 0.000000 0.000000
169 1548065348 4.400000 -1.000000 -101.000000 0.000000 0.000000
169 1548065349 4.400000 -1.000000 -101.000000 0.000000 0.000000
169 1548065350 4.400000 -1.000000 -101.000000 0.000000 0.000000
169 1548065351 4.400000 -1.000000 -101.000000 0.000000 0.000000
169 1548065352 4.400000 -1.000000 -101.000000 0.000000 0.000000
169 1548065353 3.600000 -1.000000 -101.000000 0.000000 0.000000
169 1548065354 3.600000 -1.000000 -101.000000 0.000000 0.000000
169 1548065355 3.600000 -1.000000 -101.000000 0.000000 0.000000
169 1548065356 3.600000 -1.000000 -101.000000 0.000000 0.000000
169 1548065357 3.600000 -1.000000 -101.000000 0.000000 0.000000
169 1548065358 2.800000 -1.000000 -101.000000 0.000000 0.000000
169 1548065359 2.800000 -1.000000 -101.000000 0.000000 0.000000
169 1548065360 2.800000 -1.000000 -101.000000 0.000000 0.000000
169 1548065361 2.800000 -1.000000 -101.000000 0.000000 0.000000
169 1548065362 2.800000 -1.000000 -101.000000 0.000000 0.000000
169 1548065363 4.000000 -1.000000 -101.000000 0.000000 0.000000
169 1548065364 4.000000 -1.000000 -101.000000 0.000000 0.000000
169 1548065365 4.000000 -1.000000 -101.000000 0.000000 0.000000
169 1548065366 4.000000 -1.000000 -101.000000 0.000000 0.000000
169 1548065367 4.000000 -1.000000 -101.000000 0.000000 0.000000
169 1548065368 3.800000 -1.000000 -101.000000 0.000000 0.000000
169 1548065369 3.800000 -1.000000 -101.000000 0.000000 0.000000
169 1548065370 3.800000 -1.000000 -101.000000 0.000000 0.000000
169 1548065371 3.800000 -1.000000 -101.000000 0.000000 0.000000
169 1548065372 3.800000 -1.000000 -101.000000 0.000000 0.000000
169 1548065373 4.200000 -1.000000 -101.000000 0.000000 0.000000
169 1548065374 4.200000 -1.000000 -101.000000 0.000000 0.000000
169 1548065375 4.200000 -1.000000 -101.000000 0.000000 0.000000
169 1548065376 4.200000 -1.000000 -101.000000 0.000000 0.000000
169 1548065377 4.200000 -1.000000 -101.000000 0.000000 0.000000
169 1548065378 4.200000 -1.000000 -101.000000 0.000000 0.000000
169 1548065379 4.200000 -1.000000 -101.000000 0.000000 0.000000
169 1548065380 4.200000 -1.000000 -101.000000 0.000000 0.000000
169 1548065381 4.200000 -1.000000 -101.000000 0.000000 0.000000
169 1548065382 4.200000 -1.000000 -101.000000 0.000000 0.000000
169 1548065383 4.600000 -1.000000 -101.000000 0.000000 0.000000
169 1548065384 4.600000 -1.000000 -101.000000 0.000000 0.000000
169 1548065385 4.600000 -1.000000 -101.000000 0.000000 0.000000
169 1548065386 4.600000 -1.000000 -101.000000 0.000000 0.000000
169 1548065387 4.600000 -1.000000 -101.000000 0.000000 0.000000
169 1548065388 4.600000 -1.000000 -101.000000 0.000000 0.000000
169 1548065389 4.600000 -1.000000 -101.000000 0.000000 0.000000
169 1548065390 4.600000 -1.000000 -101.000000 0.000000 0.000000
169 1548065391 4.600000 -1.000000 -101.000000 0.000000 0.000000
169 1548065392 4.600000 -1.000000 -101.000000 0.000000 0.000000
169 1548065393 4.600000 -1.000000 -101.000000 0.000000 0.000000
169 1548065394 4.600000 -1.000000 -101.000000 0.000000 0.000000
169 1548065395 4.600000 -1.000000 -101.000000 0.000000 0.000000
169 1548065396 4.600000 -1.000000 -101.000000 0.000000 0.000000
169 1548065397 4.600000 -1.000000 -101.000000 0.000000 0.000000
169 1548065398 3.800000 -1.000000 -101.000000 0.000000 0.000000
169 1548065399 3.800000 -1.000000 -101.000000 0.000000 0.000000
169 1548065400 3.800000 -1.000000 -101.000000 0.000000 0.000000
169 1548065401 3.800000 -1.000000 -101.000000 0.000000 0.000000
169 1548065402 3.800000 -1.000000 -101.000000 0.000000 0.000000
169 1548065403 3.800000 -1.000000 -101.000000 0.000000 0.000000
169 1548065404 3.800000 -1.000000 -101.000000 0.000000 0.000000
169 1548065405 3.800000 -1.000000 -101.000000 0.000000 0.000000
169 1548065406 3.800000 -1.000000 -101.000000 0.000000 0.000000
169 1548065407 3.800000 -1.000000 -101.000000 0.000000 0.000000
169 1548065408 2.000000 -1.000000 -101.000000 0.000000 0.000000
169 1548065409 2.000000 -1.000000 -101.000000 0.000000 0.000000
169 1548065410 2.000000 -1.000000 -101.000000 0.000000 0.000000
169 1548065411 2.000000 -1.000000 -101.000000 0.000000 0.000000
169 1548065412 2.000000 -1.000000 -101.000000 0.000000 0.000000
169 1548065413 5.600000 -1.000000 -101.000000 0.000000 0.000000
169 1548065414 5.600000 -1.000000 -101.000000 0.000000 0.000000
169 1548065415 5.600000 -1.000000 -101.000000 0.000000 0.000000
169 1548065416 5.600000 -1.000000 -101.000000 0.000000 0.000000
169 1548065417 5.600000 -1.000000 -101.000000 0.000000 0.000000
169 1548065418 3.400000 -1.000000 -101.000000 0.000000 0.000000
169 1548065419 3.400000 -1.000000 -101.000000 0.000000 0.000000
169 1548065420 3.400000 -1.000000 -101.000000 0.000000 0.000000
169 1548065421 3.400000 -1.000000 -101.000000 0.000000 0.000000
169 1548065422 3.400000 -1.000000 -101.000000 0.000000 0.000000
169 1548065423 3.600000 -1.000000 -101.000000 0.000000 0.000000
169 1548065424 3.600000 -1.000000 -101.000000 0.000000 0.000000
169 1548065425 3.600000 -1.000000 -101.000000 0.000000 0.000000
169 1548065426 3.600000 -1.000000 -101.000000 0.000000 0.000000
169 1548065427 3.600000 -1.000000 -101.000000 0.000000 0.000000
169 1548065428 3.800000 -1.000000 -101.000000 0.000000 0.000000
169 1548065429 3.800000 -1.000000 -101.000000 0.000000 0.000000
169 1548065430 3.800000 -1.000000 -101.000000 0.000000 0.000000
169 1548065431 3.800000 -1.000000 -101.000000 0.000000 0.000000
169 1548065432 3.800000 -1.000000 -101.000000 0.000000 0.000000
169 1548065433 5.200000 -1.000000 -101.000000 0.000000 0.000000
169 1548065434 5.200000 -1.000000 -101.000000 0.000000 0.000000
169 1548065435 5.200000 -1.000000 -101.000000 0.000000 0.000000
169 1548065436 5.200000 -1.000000 -101.000000 0.000000 0.000000
169 1548065437 5.200000 -1.000000 -101.000000 0.000000 0.000000
169 1548065438 3.400000 -1.000000 -101.000000 0.000000 0.000000
169 1548065439 3.400000 -1.000000 -101.000000 0.000000 0.000000
169 1548065440 3.400000 -1.000000 -101.000000 0.000000 0.000000
169 1548065441 3.400000 -1.000000 -101.000000 0.000000 0.000000
169 1548065442 3.400000 -1.000000 -101.000000 0.000000 0.000000
169 1548065443 5.200000 -1.000000 -101.000000 0.000000 0.000000
169 1548065444 5.200000 -1.000000 -101.000000 0.000000 0.000000
169 1548065445 5.200000 -1.000000 -101.000000 0.000000 0.000000
169 1548065446 5.200000 -1.000000 -101.000000 0.000000 0.000000
169 1548065447 5.200000 -1.000000 -101.000000 0.000000 0.000000
169 1548065448 2.600000 -1.000000 -101.000000 0.000000 0.000000
169 1548065449 2.600000 -1.000000 -101.000000 0.000000 0.000000
169 1548065450 2.600000 -1.000000 -101.000000 0.000000 0.000000
169 1548065451 2.600000 -1.000000 -101.000000 0.000000 0.000000
169 1548065452 2.600000 -1.000000 -101.000000 0.000000 0.000000
169 1548065453 2.000000 -1.000000 -101.000000 0.000000 0.000000
169 1548065454 2.000000 -1.000000 -101.000000 0.000000 0.000000
169 1548065455 2.000000 -1.000000 -101.000000 0.000000 0.000000
169 1548065456 2.000000 -1.000000 -101.000000 0.000000 0.000000
169 1548065457 2.000000 -1.000000 -101.000000 0.000000 0.000000
169 1548065458 3.000000 -1.000000 -101.000000 0.000000 0.000000
169 1548065459 3.000000 -1.000000 -101.000000 0.000000 0.000000
169 1548065460 3.000000 -1.000000 -101.000000 0.000000 0.000000
169 1548065461 3.000000 -1.000000 -101.000000 0.000000 0.000000
169 1548065462 3.000000 -1.000000 -101.000000 0.000000 0.000000
169 1548065463 3.800000 -1.000000 -101.000000 0.000000 0.000000
169 1548065464 3.800000 -1.000000 -101.000000 0.000000 0.000000
169 1548065465 3.800000 -1.000000 -101.000000 0.000000 0.000000
169 1548065466 3.800000 -1.000000 -101.000000 0.000000 0.000000
169 1548065467 3.800000 -1.000000 -101.000000 0.000000 0.000000
169 1548065468 2.800000 -1.000000 -101.000000 0.000000 0.000000
169 1548065469 2.800000 -1.000000 -101.000000 0.000000 0.000000
169 1548065470 2.800000 -1.000000 -101.000000 0.000000 0.000000
169 1548065471 2.800000 -1.000000 -101.000000 0.000000 0.000000
169 1548065472 2.800000 -1.000000 -101.000000 0.000000 0.000000
169 1548065473 4.000000 -1.000000 -101.000000 0.000000 0.000000
169 1548065474 4.000000 -1.000000 -101.000000 0.000000 0.000000
169 1548065475 4.000000 -1.000000 -101.000000 0.000000 0.000000
169 1548065476 4.000000 -1.000000 -101.000000 0.000000 0.000000
169 1548065477 4.000000 -1.000000 -101.000000 0.000000 0.000000
169 1548065478 4.400000 -1.000000 -101.000000 0.000000 0.000000
169 1548065479 4.400000 -1.000000 -101.000000 0.000000 0.000000
169 1548065480 4.400000 -1.000000 -101.000000 0.000000 0.000000
169 1548065481 4.400000 -1.000000 -101.000000 0.000000 0.000000
169 1548065482 4.400000 -1.000000 -101.000000 0.000000 0.000000
169 1548065483 2.400000 -1.000000 -101.000000 0.000000 0.000000
169 1548065484 2.400000 -1.000000 -101.000000 0.000000 0.000000
169 1548065485 2.400000 -1.000000 -101.000000 0.000000 0.000000
169 1548065486 2.400000 -1.000000 -101.000000 0.000000 0.000000
169 1548065487 2.400000 -1.000000 -101.000000 0.000000 0.000000
169 1548065488 5.400000 -1.000000 -101.000000 0.000000 0.000000
169 1548065489 5.400000 -1.000000 -101.000000 0.000000 0.000000
169 1548065490 5.400000 -1.000000 -101.000000 0.000000 0.000000
169 1548065491 5.400000 -1.000000 -101.000000 0.000000 0.000000
169 1548065492 5.400000 -1.000000 -101.000000 0.000000 0.000000
169 1548065493 3.000000 -1.000000 -101.000000 0.000000 0.000000
169 1548065494 3.000000 -1.000000 -101.000000 0.000000 0.000000
169 1548065495 3.000000 -1.000000 -101.000000 0.000000 0.000000
169 1548065496 3.000000 -1.000000 -101.000000 0.000000 0.000000
169 1548065497 3.000000 -1.000000 -101.000000 0.000000 0.000000
169 1548065498 3.400000 -1.000000 -101.000000 0.000000 0.000000
169 1548065499 3.400000 -1.000000 -101.000000 0.000000 0.000000
169 1548065500 3.400000 -1.000000 -101.000000 0.000000 0.000000
169 1548065501 3.400000 -1.000000 -101.000000 0.000000 0.000000
169 1548065502 3.400000 -1.000000 -101.000000 0.000000 0.000000
169 1548065503 5.000000 -1.000000 -101.000000 0.000000 0.000000
169 1548065504 5.000000 -1.000000 -101.000000 0.000000 0.000000
169 1548065505 5.000000 -1.000000 -101.000000 0.000000 0.000000
169 1548065506 5.000000 -1.000000 -101.000000 0.000000 0.000000
169 1548065507 5.000000 -1.000000 -101.000000 0.000000 0.000000
169 1548065508 3.200000 -1.000000 -101.000000 0.000000 0.000000
169 1548065509 3.200000 -1.000000 -101.000000 0.000000 0.000000
169 1548065510 3.200000 -1.000000 -101.000000 0.000000 0.000000
169 1548065511 3.200000 -1.000000 -101.000000 0.000000 0.000000
169 1548065512 3.200000 -1.000000 -101.000000 0.000000 0.000000
169 1548065513 4.000000 -1.000000 -101.000000 0.000000 0.000000
169 1548065514 4.000000 -1.000000 -101.000000 0.000000 0.000000
169 1548065515 4.000000 -1.000000 -101.000000 0.000000 0.000000
169 1548065516 4.000000 -1.000000 -101.000000 0.000000 0.000000
169 1548065517 4.000000 -1.000000 -101.000000 0.000000 0.000000
169 1548065518 3.400000 -1.000000 -101.000000 0.000000 0.000000
169 1548065519 3.400000 -1.000000 -101.000000 0.000000 0.000000
169 1548065520 3.400000 -1.000000 -101.000000 0.000000 0.000000
169 1548065521 3.400000 -1.000000 -101.000000 0.000000 0.000000
169 1548065522 3.400000 -1.000000 -101.000000 0.000000 0.000000
169 1548065523 3.200000 -1.000000 -101.000000 0.000000 0.000000
169 1548065524 3.200000 -1.000000 -101.000000 0.000000 0.000000
169 1548065525 3.200000 -1.000000 -101.000000 0.000000 0.000000
169 1548065526 3.200000 -1.000000 -101.000000 0.000000 0.000000
169 1548065527 3.200000 -1.000000 -101.000000 0.000000 0.000000
169 1548065528 4.800000 -1.000000 -101.000000 0.000000 0.000000
169 1548065529 4.800000 -1.000000 -101.000000 0.000000 0.000000
169 1548065530 4.800000 -1.000000 -101.000000 0.000000 0.000000
169 1548065531 4.800000 -1.000000 -101.000000 0.000000 0.000000
169 1548065532 4.800000 -1.000000 -101.000000 0.000000 0.000000
169 1548065533 4.200000 -1.000000 -101.000000 0.000000 0.000000
169 1548065534 4.200000 -1.000000 -101.000000 0.000000 0.000000
169 1548065535 4.200000 -1.000000 -101.000000 0.000000 0.000000
169 1548065536 4.200000 -1.000000 -101.000000 0.000000 0.000000
169 1548065537 4.200000 -1.000000 -101.000000 0.000000 0.000000
169 1548065538 3.200000 -1.000000 -101.000000 0.000000 0.000000
169 1548065539 3.200000 -1.000000 -101.000000 0.000000 0.000000
169 1548065540 3.200000 -1.000000 -101.000000 0.000000 0.000000
169 1548065541 3.200000 -1.000000 -101.000000 0.000000 0.000000
169 1548065542 3.200000 -1.000000 -101.000000 0.000000 0.000000
169 1548065543 2.600000 -1.000000 -101.000000 0.000000 0.000000
169 1548065544 2.600000 -1.000000 -101.000000 0.000000 0.000000
169 1548065545 2.600000 -1.000000 -101.000000 0.000000 0.000000
169 1548065546 2.600000 -1.000000 -101.000000 0.000000 0.000000
169 1548065547 2.600000 -1.000000 -101.000000 0.000000 0.000000
169 1548065548 4.800000 -1.000000 -101.000000 0.000000 0.000000
169 1548065549 4.800000 -1.000000 -101.000000 0.000000 0.000000
169 1548065550 4.800000 -1.000000 -101.000000 0.000000 0.000000
169 1548065551 4.800000 -1.000000 -101.000000 0.000000 0.000000
169 1548065552 4.800000 -1.000000 -101.000000 0.000000 0.000000
169 1548065553 2.600000 -1.000000 -101.000000 0.000000 0.000000
169 1548065554 2.600000 -1.000000 -101.000000 0.000000 0.000000
169 1548065555 2.600000 -1.000000 -101.000000 0.000000 0.000000
169 1548065556 2.600000 -1.000000 -101.000000 0.000000 0.000000
169 1548065557 2.600000 -1.000000 -101.000000 0.000000 0.000000
169 1548065558 5.800000 -1.000000 -101.000000 0.000000 0.000000
169 1548065559 5.800000 -1.000000 -101.000000 0.000000 0.000000
169 1548065560 5.800000 -1.000000 -101.000000 0.000000 0.000000
169 1548065561 5.800000 -1.000000 -101.000000 0.000000 0.000000
169 1548065562 5.800000 -1.000000 -101.000000 0.000000 0.000000
169 1548065563 3.600000 -1.000000 -101.000000 0.000000 0.000000
169 1548065564 3.600000 -1.000000 -101.000000 0.000000 0.000000
169 1548065565 3.600000 -1.000000 -101.000000 0.000000 0.000000
169 1548065566 3.600000 -1.000000 -101.000000 0.000000 0.000000
169 1548065567 3.600000 -1.000000 -101.000000 0.000000 0.000000
169 1548065568 5.000000 -1.000000 -101.000000 0.000000 0.000000
169 1548065569 5.000000 -1.000000 -101.000000 0.000000 0.000000
169 1548065570 5.000000 -1.000000 -101.000000 0.000000 0.000000
169 1548065571 5.000000 -1.000000 -101.000000 0.000000 0.000000
169 1548065572 5.000000 -1.000000 -101.000000 0.000000 0.000000
169 1548065573 2.800000 -1.000000 -101.000000 0.000000 0.000000
169 1548065574 2.800000 -1.000000 -101.000000 0.000000 0.000000
169 1548065575 2.800000 -1.000000 -101.000000 0.000000 0.000000
169 1548065576 2.800000 -1.000000 -101.000000 0.000000 0.000000
169 1548065577 2.800000 -1.000000 -101.000000 0.000000 0.000000
169 1548065578 2.600000 -1.000000 -101.000000 0.000000 0.000000
169 1548065579 2.600000 -1.000000 -101.000000 0.000000 0.000000
169 1548065580 2.600000 -1.000000 -101.000000 0.000000 0.000000
169 1548065581 2.600000 -1.000000 -101.000000 0.000000 0.000000
169 1548065582 2.600000 -1.000000 -101.000000 0.000000 0.000000
169 1548065583 3.800000 -1.000000 -101.000000 0.000000 0.000000
169 1548065584 3.800000 -1.000000 -101.000000 0.000000 0.000000
169 1548065585 3.800000 -1.000000 -101.000000 0.000000 0.000000
169 1548065586 3.800000 -1.000000 -101.000000 0.000000 0.000000
169 1548065587 3.800000 -1.000000 -101.000000 0.000000 0.000000
169 1548065588 2.600000 -1.000000 -101.000000 0.000000 0.000000
169 1548065589 2.600000 -1.000000 -101.000000 0.000000 0.000000
169 1548065590 2.600000 -1.000000 -101.000000 0.000000 0.000000
169 1548065591 2.600000 -1.000000 -101.000000 0.000000 0.000000
169 1548065592 2.600000 -1.000000 -101.000000 0.000000 0.000000
169 1548065593 3.400000 -1.000000 -101.000000 0.000000 0.000000
169 1548065594 3.400000 -1.000000 -101.000000 0.000000 0.000000
169 1548065595 3.400000 -1.000000 -101.000000 0.000000 0.000000
169 1548065596 3.400000 -1.000000 -101.000000 0.000000 0.000000
169 1548065597 3.400000 -1.000000 -101.000000 0.000000 0.000000
169 1548065598 3.400000 -1.000000 -101.000000 0.000000 0.000000
169 1548065599 3.400000 -1.000000 -101.000000 0.000000 0.000000
169 1548065600 3.400000 -1.000000 -101.000000 0.000000 0.000000
169 1548065601 3.400000 -1.000000 -101.000000 0.000000 0.000000
169 1548065602 3.400000 -1.000000 -101.000000 0.000000 0.000000
169 1548065603 4.600000 -1.000000 -101.000000 0.000000 0.000000
169 1548065604 4.600000 -1.000000 -101.000000 0.000000 0.000000
169 1548065605 4.600000 -1.000000 -101.000000 0.000000 0.000000
169 1548065606 4.600000 -1.000000 -101.000000 0.000000 0.000000
169 1548065607 4.600000 -1.000000 -101.000000 0.000000 0.000000
169 1548065608 4.000000 -1.000000 -101.000000 0.000000 0.000000
169 1548065609 4.000000 -1.000000 -101.000000 0.000000 0.000000
169 1548065610 4.000000 -1.000000 -101.000000 0.000000 0.000000
169 1548065611 4.000000 -1.000000 -101.000000 0.000000 0.000000
169 1548065612 4.000000 -1.000000 -101.000000 0.000000 0.000000
169 1548065613 3.000000 -1.000000 -101.000000 0.000000 0.000000
169 1548065614 3.000000 -1.000000 -101.000000 0.000000 0.000000
169 1548065615 3.000000 -1.000000 -101.000000 0.000000 0.000000
169 1548065616 3.000000 -1.000000 -101.000000 0.000000 0.000000
169 1548065617 3.000000 -1.000000 -101.000000 0.000000 0.000000
169 1548065618 3.000000 -1.000000 -101.000000 0.000000 0.000000
169 1548065619 3.000000 -1.000000 -101.000000 0.000000 0.000000
169 1548065620 3.000000 -1.000000 -101.000000 0.000000 0.000000
169 1548065621 3.000000 -1.000000 -101.000000 0.000000 0.000000
169 1548065622 3.000000 -1.000000 -101.000000 0.000000 0.000000
169 1548065623 4.400000 -1.000000 -101.000000 0.000000 0.000000
169 1548065624 4.400000 -1.000000 -101.000000 0.000000 0.000000
169 1548065625 4.400000 -1.000000 -101.000000 0.000000 0.000000
169 1548065626 4.400000 -1.000000 -101.000000 0.000000 0.000000
169 1548065627 4.400000 -1.000000 -101.000000 0.000000 0.000000
169 1548065628 3.400000 -1.000000 -101.000000 0.000000 0.000000
169 1548065629 3.400000 -1.000000 -101.000000 0.000000 0.000000
169 1548065630 3.400000 -1.000000 -101.000000 0.000000 0.000000
169 1548065631 3.400000 -1.000000 -101.000000 0.000000 0.000000
169 1548065632 3.400000 -1.000000 -101.000000 0.000000 0.000000
169 1548065633 5.200000 -1.000000 -101.000000 0.000000 0.000000
169 1548065634 5.200000 -1.000000 -101.000000 0.000000 0.000000
169 1548065635 5.200000 -1.000000 -101.000000 0.000000 0.000000
169 1548065636 5.200000 -1.000000 -101.000000 0.000000 0.000000
169 1548065637 5.200000 -1.000000 -101.000000 0.000000 0.000000
169 1548065638 2.600000 -1.000000 -101.000000 0.000000 0.000000
169 1548065639 2.600000 -1.000000 -101.000000 0.000000 0.000000
169 1548065640 2.600000 -1.000000 -101.000000 0.000000 0.000000
169 1548065641 2.600000 -1.000000 -101.000000 0.000000 0.000000
169 1548065642 2.600000 -1.000000 -101.000000 0.000000 0.000000
169 1548065643 4.600000 -1.000000 -101.000000 0.000000 0.000000
169 1548065644 4.600000 -1.000000 -101.000000 0.000000 0.000000
169 1548065645 4.600000 -1.000000 -101.000000 0.000000 0.000000
169 1548065646 4.600000 -1.000000 -101.000000 0.000000 0.000000
169 1548065647 4.600000 -1.000000 -101.000000 0.000000 0.000000
169 1548065648 3.000000 -1.000000 -101.000000 0.000000 0.000000
169 1548065649 3.000000 -1.000000 -101.000000 0.000000 0.000000
169 1548065650 3.000000 -1.000000 -101.000000 0.000000 0.000000
169 1548065651 3.000000 -1.000000 -101.000000 0.000000 0.000000
169 1548065652 3.000000 -1.000000 -101.000000 0.000000 0.000000
169 1548065653 3.800000 -1.000000 -101.000000 0.000000 0.000000
169 1548065654 3.800000 -1.000000 -101.000000 0.000000 0.000000
169 1548065655 3.800000 -1.000000 -101.000000 0.000000 0.000000
169 1548065656 3.800000 -1.000000 -101.000000 0.000000 0.000000
169 1548065657 3.800000 -1.000000 -101.000000 0.000000 0.000000
169 1548065658 4.400000 -1.000000 -101.000000 0.000000 0.000000
169 1548065659 4.400000 -1.000000 -101.000000 0.000000 0.000000
169 1548065660 4.400000 -1.000000 -101.000000 0.000000 0.000000
169 1548065661 4.400000 -1.000000 -101.000000 0.000000 0.000000
169 1548065662 4.400000 -1.000000 -101.000000 0.000000 0.000000
169 1548065663 3.200000 -1.000000 -101.000000 0.000000 0.000000
169 1548065664 3.200000 -1.000000 -101.000000 0.000000 0.000000
169 1548065665 3.200000 -1.000000 -101.000000 0.000000 0.000000
169 1548065666 3.200000 -1.000000 -101.000000 0.000000 0.000000
169 1548065667 3.200000 -1.000000 -101.000000 0.000000 0.000000
169 1548065668 2.200000 -1.000000 -101.000000 0.000000 0.000000
169 1548065669 2.200000 -1.000000 -101.000000 0.000000 0.000000
169 1548065670 2.200000 -1.000000 -101.000000 0.000000 0.000000
169 1548065671 2.200000 -1.000000 -101.000000 0.000000 0.000000
169 1548065672 2.200000 -1.000000 -101.000000 0.000000 0.000000
169 1548065673 7.400000 -1.000000 -101.000000 0.000000 0.000000
169 1548065674 7.400000 -1.000000 -101.000000 0.000000 0.000000
169 1548065675 7.400000 -1.000000 -101.000000 0.000000 0.000000
169 1548065676 7.400000 -1.000000 -101.000000 0.000000 0.000000
169 1548065677 7.400000 -1.000000 -101.000000 0.000000 0.000000
169 1548065678 3.600000 -1.000000 -101.000000 0.000000 0.000000
169 1548065679 3.600000 -1.000000 -101.000000 0.000000 0.000000
169 1548065680 3.600000 -1.000000 -101.000000 0.000000 0.000000
169 1548065681 3.600000 -1.000000 -101.000000 0.000000 0.000000
169 1548065682 3.600000 -1.000000 -101.000000 0.000000 0.000000
169 1548065683 2.400000 -1.000000 -101.000000 0.000000 0.000000
169 1548065684 2.400000 -1.000000 -101.000000 0.000000 0.000000
169 1548065685 2.400000 -1.000000 -101.000000 0.000000 0.000000
169 1548065686 2.400000 -1.000000 -101.000000 0.000000 0.000000
169 1548065687 2.400000 -1.000000 -101.000000 0.000000 0.000000
169 1548065688 2.200000 -1.000000 -101.000000 0.000000 0.000000
169 1548065689 2.200000 -1.000000 -101.000000 0.000000 0.000000
169 1548065690 2.200000 -1.000000 -101.000000 0.000000 0.000000
169 1548065691 2.200000 -1.000000 -101.000000 0.000000 0.000000
169 1548065692 2.200000 -1.000000 -101.000000 0.000000 0.000000
169 1548065693 4.400000 -1.000000 -101.000000 0.000000 0.000000
169 1548065694 4.400000 -1.000000 -101.000000 0.000000 0.000000
169 1548065695 4.400000 -1.000000 -101.000000 0.000000 0.000000
169 1548065696 4.400000 -1.000000 -101.000000 0.000000 0.000000
169 1548065697 4.400000 -1.000000 -101.000000 0.000000 0.000000
169 1548065698 3.000000 -1.000000 -101.000000 0.000000 0.000000
169 1548065699 3.000000 -1.000000 -101.000000 0.000000 0.000000
169 1548065700 3.000000 -1.000000 -101.000000 0.000000 0.000000
169 1548065701 3.000000 -1.000000 -101.000000 0.000000 0.000000
169 1548065702 3.000000 -1.000000 -101.000000 0.000000 0.000000
169 1548065703 4.200000 -1.000000 -101.000000 0.000000 0.000000
169 1548065704 4.200000 -1.000000 -101.000000 0.000000 0.000000
169 1548065705 4.200000 -1.000000 -101.000000 0.000000 0.000000
169 1548065706 4.200000 -1.000000 -101.000000 0.000000 0.000000
169 1548065707 4.200000 -1.000000 -101.000000 0.000000 0.000000
169 1548065708 3.200000 -1.000000 -101.000000 0.000000 0.000000
169 1548065709 3.200000 -1.000000 -101.000000 0.000000 0.000000
169 1548065710 3.200000 -1.000000 -101.000000 0.000000 0.000000
169 1548065711 3.200000 -1.000000 -101.000000 0.000000 0.000000
169 1548065712 3.200000 -1.000000 -101.000000 0.000000 0.000000
169 1548065713 4.000000 -1.000000 -101.000000 0.000000 0.000000
169 1548065714 4.000000 -1.000000 -101.000000 0.000000 0.000000
169 1548065715 4.000000 -1.000000 -101.000000 0.000000 0.000000
169 1548065716 4.000000 -1.000000 -101.000000 0.000000 0.000000
169 1548065717 4.000000 -1.000000 -101.000000 0.000000 0.000000
169 1548065718 4.400000 -1.000000 -101.000000 0.000000 0.000000
169 1548065719 4.400000 -1.000000 -101.000000 0.000000 0.000000
169 1548065720 4.400000 -1.000000 -101.000000 0.000000 0.000000
169 1548065721 4.400000 -1.000000 -101.000000 0.000000 0.000000
169 1548065722 4.400000 -1.000000 -101.000000 0.000000 0.000000
169 1548065723 2.200000 -1.000000 -101.000000 0.000000 0.000000
169 1548065724 2.200000 -1.000000 -101.000000 0.000000 0.000000
169 1548065725 2.200000 -1.000000 -101.000000 0.000000 0.000000
169 1548065726 2.200000 -1.000000 -101.000000 0.000000 0.000000
169 1548065727 2.200000 -1.000000 -101.000000 0.000000 0.000000
169 1548065728 3.600000 -1.000000 -101.000000 0.000000 0.000000
169 1548065729 3.600000 -1.000000 -101.000000 0.000000 0.000000
169 1548065730 3.600000 -1.000000 -101.000000 0.000000 0.000000
169 1548065731 3.600000 -1.000000 -101.000000 0.000000 0.000000
169 1548065732 3.600000 -1.000000 -101.000000 0.000000 0.000000
169 1548065733 3.600000 -1.000000 -101.000000 0.000000 0.000000
169 1548065734 3.600000 -1.000000 -101.000000 0.000000 0.000000
169 1548065735 3.600000 -1.000000 -101.000000 0.000000 0.000000
169 1548065736 3.600000 -1.000000 -101.000000 0.000000 0.000000
169 1548065737 3.600000 -1.000000 -101.000000 0.000000 0.000000
169 1548065738 3.200000 -1.000000 -101.000000 0.000000 0.000000
169 1548065739 3.200000 -1.000000 -101.000000 0.000000 0.000000
169 1548065740 3.200000 -1.000000 -101.000000 0.000000 0.000000
169 1548065741 3.200000 -1.000000 -101.000000 0.000000 0.000000
169 1548065742 3.200000 -1.000000 -101.000000 0.000000 0.000000
169 1548065743 4.000000 -1.000000 -101.000000 0.000000 0.000000
169 1548065744 4.000000 -1.000000 -101.000000 0.000000 0.000000
169 1548065745 4.000000 -1.000000 -101.000000 0.000000 0.000000
169 1548065746 4.000000 -1.000000 -101.000000 0.000000 0.000000
169 1548065747 4.000000 -1.000000 -101.000000 0.000000 0.000000
169 1548065748 3.800000 -1.000000 -101.000000 0.000000 0.000000
169 1548065749 3.800000 -1.000000 -101.000000 0.000000 0.000000
169 1548065750 3.800000 -1.000000 -101.000000 0.000000 0.000000
169 1548065751 3.800000 -1.000000 -101.000000 0.000000 0.000000
169 1548065752 3.800000 -1.000000 -101.000000 0.000000 0.000000
169 1548065753 3.600000 -1.000000 -101.000000 0.000000 0.000000
169 1548065754 3.600000 -1.000000 -101.000000 0.000000 0.000000
169 1548065755 3.600000 -1.000000 -101.000000 0.000000 0.000000
169 1548065756 3.600000 -1.000000 -101.000000 0.000000 0.000000
169 1548065757 3.600000 -1.000000 -101.000000 0.000000 0.000000
169 1548065758 2.800000 -1.000000 -101.000000 0.000000 0.000000
169 1548065759 2.800000 -1.000000 -101.000000 0.000000 0.000000
169 1548065760 2.800000 -1.000000 -101.000000 0.000000 0.000000
169 1548065761 2.800000 -1.000000 -101.000000 0.000000 0.000000
169 1548065762 2.800000 -1.000000 -101.000000 0.000000 0.000000
169 1548065763 3.200000 -1.000000 -101.000000 0.000000 0.000000
169 1548065764 3.200000 -1.000000 -101.000000 0.000000 0.000000
169 1548065765 3.200000 -1.000000 -101.000000 0.000000 0.000000
169 1548065766 3.200000 -1.000000 -101.000000 0.000000 0.000000
169 1548065767 3.200000 -1.000000 -101.000000 0.000000 0.000000
169 1548065768 2.600000 -1.000000 -101.000000 0.000000 0.000000
169 1548065769 2.600000 -1.000000 -101.000000 0.000000 0.000000
169 1548065770 2.600000 -1.000000 -101.000000 0.000000 0.000000
169 1548065771 2.600000 -1.000000 -101.000000 0.000000 0.000000
169 1548065772 2.600000 -1.000000 -101.000000 0.000000 0.000000
169 1548065773 2.000000 -1.000000 -101.000000 0.000000 0.000000
169 1548065774 2.000000 -1.000000 -101.000000 0.000000 0.000000
169 1548065775 2.000000 -1.000000 -101.000000 0.000000 0.000000
169 1548065776 2.000000 -1.000000 -101.000000 0.000000 0.000000
169 1548065777 2.000000 -1.000000 -101.000000 0.000000 0.000000
169 1548065840 4.666667 -1.000000 4.666667 4.666667 17.422222
169 1548065839 4.666667 -1.000000 4.666667 4.666667 17.422222
169 1548065838 4.666667 -1.000000 4.666667 4.666667 17.422222
169 1548065837 2.400000 -1.000000 2.400000 2.400000 4.608000
169 1548065836 2.400000 -1.000000 2.400000 2.400000 4.608000
169 1548065835 2.400000 -1.000000 2.400000 2.400000 4.608000
169 1548065834 2.400000 -1.000000 2.400000 2.400000 4.608000
169 1548065833 2.400000 -1.000000 2.400000 2.400000 4.608000
169 1548065832 4.600000 -1.000000 4.600000 4.600000 16.928000
169 1548065831 4.600000 -1.000000 4.600000 4.600000 16.928000
169 1548065830 4.600000 -1.000000 4.600000 4.600000 16.928000
169 1548065829 4.600000 -1.000000 4.600000 4.600000 16.928000
169 1548065828 4.600000 -1.000000 4.600000 4.600000 16.928000
169 1548065827 2.000000 -1.000000 2.000000 2.000000 3.200000
169 1548065826 2.000000 -1.000000 2.000000 2.000000 3.200000
169 1548065825 2.000000 -1.000000 2.000000 2.000000 3.200000
169 1548065824 2.000000 -1.000000 2.000000 2.000000 3.200000
169 1548065823 2.000000 -1.000000 2.000000 2.000000 3.200000
169 1548065822 3.400000 -1.000000 3.400000 3.400000 9.248000
169 1548065821 3.400000 -1.000000 3.400000 3.400000 9.248000
169 1548065820 3.400000 -1.000000 3.400000 3.400000 9.248000
169 1548065819 3.400000 -1.000000 3.400000 3.400000 9.248000
169 1548065818 3.400000 -1.000000 3.400000 3.400000 9.248000
169 1548065817 3.000000 -1.000000 3.000000 3.000000 7.200000
169 1548065816 3.000000 -1.000000 3.000000 3.000000 7.200000
169 1548065815 3.000000 -1.000000 3.000000 3.000000 7.200000
169 1548065814 3.000000 -1.000000 3.000000 3.000000 7.200000
169 1548065813 3.000000 -1.000000 3.000000 3.000000 7.200000
169 1548065812 2.600000 -1.000000 2.600000 2.600000 5.408000
169 1548065811 2.600000 -1.000000 2.600000 2.600000 5.408000
169 1548065810 2.600000 -1.000000 2.600000 2.600000 5.408000
169 1548065809 2.600000 -1.000000 2.600000 2.600000 5.408000
169 1548065808 2.600000 -1.000000 2.600000 2.600000 5.408000
169 1548065807 4.600000 -1.000000 4.600000 4.600000 16.928000
169 1548065806 4.600000 -1.000000 4.600000 4.600000 16.928000
169 1548065805 4.600000 -1.000000 4.600000 4.600000 16.928000
169 1548065804 4.600000 -1.000000 4.600000 4.600000 16.928000
169 1548065803 4.600000 -1.000000 4.600000 4.600000 16.928000
169 1548065802 3.400000 -1.000000 3.400000 3.400000 9.248000
169 1548065801 3.400000 -1.000000 3.400000 3.400000 9.248000
169 1548065800 3.400000 -1.000000 3.400000 3.400000 9.248000
169 1548065799 3.400000 -1.000000 3.400000 3.400000 9.248000
169 1548065798 3.400000 -1.000000 3.400000 3.400000 9.248000
169 1548065797 4.200000 -1.000000 4.200000 4.200000 14.112000
169 1548065796 4.200000 -1.000000 4.200000 4.200000 14.112000
169 1548065795 4.200000 -1.000000 4.200000 4.200000 14.112000
169 1548065794 4.200000 -1.000000 4.200000 4.200000 14.112000
169 1548065793 4.200000 -1.000000 4.200000 4.200000 14.112000
169 1548065792 4.000000 -1.000000 4.000000 4.000000 12.800000
169 1548065791 4.000000 -1.000000 4.000000 4.000000 12.800000
169 1548065790 4.000000 -1.000000 4.000000 4.000000 12.800000
169 1548065789 4.000000 -1.000000 4.000000 4.000000 12.800000
169 1548065788 4.000000 -1.000000 4.000000 4.000000 12.800000
169 1548065787 3.600000 -1.000000 3.600000 3.600000 10.368000
169 1548065786 3.600000 -1.000000 3.600000 3.600000 10.368000
169 1548065785 3.600000 -1.000000 3.600000 3.600000 10.368000
169 1548065784 3.600000 -1.000000 3.600000 3.600000 10.368000
169 1548065783 3.600000 -1.000000 3.600000 3.600000 10.368000
169 1548065782 5.000000 -1.000000 5.000000 5.000000 20.000000
169 1548065781 5.000000 -1.000000 5.000000 5.000000 20.000000
169 1548065780 5.000000 -1.000000 5.000000 5.000000 20.000000
169 1548065779 5.000000 -1.000000 5.000000 5.000000 20.000000
169 1548065778 5.000000 -1.000000 5.000000 5.000000 20.000000
