21 1544611987 4334.000000 -1.000000 -101.000000 0.000000 0.000000
21 1544611988 4334.000000 -1.000000 -101.000000 0.000000 0.000000
21 1544611989 4334.000000 -1.000000 -101.000000 0.000000 0.000000
21 1544611990 4334.000000 -1.000000 -101.000000 0.000000 0.000000
21 1544611991 4334.000000 -1.000000 -101.000000 0.000000 0.000000
21 1544611992 37264.400000 -1.000000 -101.000000 0.000000 0.000000
21 1544611993 37264.400000 -1.000000 -101.000000 0.000000 0.000000
21 1544611994 37264.400000 -1.000000 -101.000000 0.000000 0.000000
21 1544611995 37264.400000 -1.000000 -101.000000 0.000000 0.000000
21 1544611996 37264.400000 -1.000000 -101.000000 0.000000 0.000000
21 1544611997 2931.200000 -1.000000 -101.000000 0.000000 0.000000
21 1544611998 2931.200000 -1.000000 -101.000000 0.000000 0.000000
21 1544611999 2931.200000 -1.000000 -101.000000 0.000000 0.000000
21 1544612000 2931.200000 -1.000000 -101.000000 0.000000 0.000000
21 1544612001 2931.200000 -1.000000 -101.000000 0.000000 0.000000
21 1544612002 35450.400000 -1.000000 -101.000000 0.000000 0.000000
21 1544612003 35450.400000 -1.000000 -101.000000 0.000000 0.000000
21 1544612004 35450.400000 -1.000000 -101.000000 0.000000 0.000000
21 1544612005 35450.400000 -1.000000 -101.000000 0.000000 0.000000
21 1544612006 35450.400000 -1.000000 -101.000000 0.000000 0.000000
21 1544612007 18518.000000 -1.000000 -101.000000 0.000000 0.000000
21 1544612008 18518.000000 -1.000000 -101.000000 0.000000 0.000000
21 1544612009 18518.000000 -1.000000 -101.000000 0.000000 0.000000
21 1544612010 18518.000000 -1.000000 -101.000000 0.000000 0.000000
21 1544612011 18518.000000 -1.000000 -101.000000 0.000000 0.000000
21 1544612012 18041.200000 -1.000000 -101.000000 0.000000 0.000000
21 1544612013 18041.200000 -1.000000 -101.000000 0.000000 0.000000
21 1544612014 18041.200000 -1.000000 -101.000000 0.000000 0.000000
21 1544612015 18041.200000 -1.000000 -101.000000 0.000000 0.000000
21 1544612016 18041.200000 -1.000000 -101.000000 0.000000 0.000000
21 1544612017 36363.600000 -1.000000 -101.000000 0.000000 0.000000
21 1544612018 36363.600000 -1.000000 -101.000000 0.000000 0.000000
21 1544612019 36363.600000 -1.000000 -101.000000 0.000000 0.000000
21 1544612020 36363.600000 -1.000000 -101.000000 0.000000 0.000000
21 1544612021 36363.600000 -1.000000 -101.000000 0.000000 0.000000
21 1544612022 9873.600000 -1.000000 -101.000000 0.000000 0.000000
21 1544612023 9873.600000 -1.000000 -101.000000 0.000000 0.000000
21 1544612024 9873.600000 -1.000000 -101.000000 0.000000 0.000000
21 1544612025 9873.600000 -1.000000 -101.000000 0.000000 0.000000
21 1544612026 9873.600000 -1.000000 -101.000000 0.000000 0.000000
21 1544612027 31211.600000 -1.000000 -101.000000 0.000000 0.000000
21 1544612028 31211.600000 -1.000000 -101.000000 0.000000 0.000000
21 1544612029 31211.600000 -1.000000 -101.000000 0.000000 0.000000
21 1544612030 31211.600000 -1.000000 -101.000000 0.000000 0.000000
21 1544612031 31211.600000 -1.000000 -101.000000 0.000000 0.000000
21 1544612032 44214.400000 -1.000000 -101.000000 0.000000 0.000000
21 1544612033 44214.400000 -1.000000 -101.000000 0.000000 0.000000
21 1544612034 44214.400000 -1.000000 -101.000000 0.000000 0.000000
21 1544612035 44214.400000 -1.000000 -101.000000 0.000000 0.000000
21 1544612036 44214.400000 -1.000000 -101.000000 0.000000 0.000000
21 1544612037 12753.400000 -1.000000 -101.000000 0.000000 0.000000
21 1544612038 12753.400000 -1.000000 -101.000000 0.000000 0.000000
21 1544612039 12753.400000 -1.000000 -101.000000 0.000000 0.000000
21 1544612040 12753.400000 -1.000000 -101.000000 0.000000 0.000000
21 1544612041 12753.400000 -1.000000 -101.000000 0.000000 0.000000
21 1544612042 24876.200000 -1.000000 -101.000000 0.000000 0.000000
21 1544612043 24876.200000 -1.000000 -101.000000 0.000000 0.000000
21 1544612044 24876.200000 -1.000000 -101.000000 0.000000 0.000000
21 1544612045 24876.200000 -1.000000 -101.000000 0.000000 0.000000
21 1544612046 24876.200000 -1.000000 -101.000000 0.000000 0.000000
21 1544612047 24576.000000 -1.000000 -101.000000 0.000000 0.000000
21 1544612048 24576.000000 -1.000000 -101.000000 0.000000 0.000000
21 1544612049 24576.000000 -1.000000 -101.000000 0.000000 0.000000
21 1544612050 24576.000000 -1.000000 -101.000000 0.000000 0.000000
21 1544612051 24576.000000 -1.000000 -101.000000 0.000000 0.000000
21 1544612052 10752.000000 -1.000000 -101.000000 0.000000 0.000000
21 1544612053 10752.000000 -1.000000 -101.000000 0.000000 0.000000
21 1544612054 10752.000000 -1.000000 -101.000000 0.000000 0.000000
21 1544612055 10752.000000 -1.000000 -101.000000 0.000000 0.000000
21 1544612056 10752.000000 -1.000000 -101.000000 0.000000 0.000000
21 1544612057 27766.000000 -1.000000 -101.000000 0.000000 0.000000
21 1544612058 27766.000000 -1.000000 -101.000000 0.000000 0.000000
21 1544612059 27766.000000 -1.000000 -101.000000 0.000000 0.000000
21 1544612060 27766.000000 -1.000000 -101.000000 0.000000 0.000000
21 1544612061 27766.000000 -1.000000 -101.000000 0.000000 0.000000
21 1544612124 45425.000000 -1.000000 45425.000000 45425.000000 42123832834488618000000000000000000000000000000000000000000000000000000000000000000000000000000000000000000000000000000000000000000000000000000000000000000000000000000000000000000000000000000000000000000000000000000000000000000000000000000000000000000000000000000000000000000.000000
21 1544612123 45425.000000 -1.000000 45425.000000 45425.000000 42123832834488618000000000000000000000000000000000000000000000000000000000000000000000000000000000000000000000000000000000000000000000000000000000000000000000000000000000000000000000000000000000000000000000000000000000000000000000000000000000000000000000000000000000000000000.000000
21 1544612122 45425.000000 -1.000000 45425.000000 45425.000000 42123832834488618000000000000000000000000000000000000000000000000000000000000000000000000000000000000000000000000000000000000000000000000000000000000000000000000000000000000000000000000000000000000000000000000000000000000000000000000000000000000000000000000000000000000000000.000000
21 1544612121 40756.000000 -1.000000 40756.000000 40756.000000 33909478896066377000000000000000000000000000000000000000000000000000000000000000000000000000000000000000000000000000000000000000000000000000000000000000000000000000000000000000000000000000000000000000000000000000000000000000000000000000000000000000000000000000000000000000000.000000
21 1544612120 40756.000000 -1.000000 40756.000000 40756.000000 33909478896066377000000000000000000000000000000000000000000000000000000000000000000000000000000000000000000000000000000000000000000000000000000000000000000000000000000000000000000000000000000000000000000000000000000000000000000000000000000000000000000000000000000000000000000.000000
21 1544612119 40756.000000 -1.000000 40756.000000 40756.000000 33909478896066377000000000000000000000000000000000000000000000000000000000000000000000000000000000000000000000000000000000000000000000000000000000000000000000000000000000000000000000000000000000000000000000000000000000000000000000000000000000000000000000000000000000000000000.000000
21 1544612118 40756.000000 -1.000000 40756.000000 40756.000000 33909478896066377000000000000000000000000000000000000000000000000000000000000000000000000000000000000000000000000000000000000000000000000000000000000000000000000000000000000000000000000000000000000000000000000000000000000000000000000000000000000000000000000000000000000000000.000000
21 1544612117 40756.000000 -1.000000 40756.000000 40756.000000 33909478896066377000000000000000000000000000000000000000000000000000000000000000000000000000000000000000000000000000000000000000000000000000000000000000000000000000000000000000000000000000000000000000000000000000000000000000000000000000000000000000000000000000000000000000000.000000
21 1544612116 7429.000000 -1.000000 7429.000000 7429.000000 1126675175334558800000000000000000000000000000000000000000000000000000000000000000000000000000000000000000000000000000000000000000000000000000000000000000000000000000000000000000000000000000000000000000000000000000000000000000000000000000000000000000000000000000000000000000.000000
21 1544612115 7429.000000 -1.000000 7429.000000 7429.000000 1126675175334558800000000000000000000000000000000000000000000000000000000000000000000000000000000000000000000000000000000000000000000000000000000000000000000000000000000000000000000000000000000000000000000000000000000000000000000000000000000000000000000000000000000000000000.000000
21 1544612114 7429.000000 -1.000000 7429.000000 7429.000000 1126675175334558800000000000000000000000000000000000000000000000000000000000000000000000000000000000000000000000000000000000000000000000000000000000000000000000000000000000000000000000000000000000000000000000000000000000000000000000000000000000000000000000000000000000000000.000000
21 1544612113 7429.000000 -1.000000 7429.000000 7429.000000 1126675175334558800000000000000000000000000000000000000000000000000000000000000000000000000000000000000000000000000000000000000000000000000000000000000000000000000000000000000000000000000000000000000000000000000000000000000000000000000000000000000000000000000000000000000000.000000
21 1544612112 7429.000000 -1.000000 7429.000000 7429.000000 1126675175334558800000000000000000000000000000000000000000000000000000000000000000000000000000000000000000000000000000000000000000000000000000000000000000000000000000000000000000000000000000000000000000000000000000000000000000000000000000000000000000000000000000000000000000.000000
21 1544612111 30667.000000 -1.000000 30667.000000 30667.000000 19199087815681660000000000000000000000000000000000000000000000000000000000000000000000000000000000000000000000000000000000000000000000000000000000000000000000000000000000000000000000000000000000000000000000000000000000000000000000000000000000000000000000000000000000000000000.000000
21 1544612110 30667.000000 -1.000000 30667.000000 30667.000000 19199087815681660000000000000000000000000000000000000000000000000000000000000000000000000000000000000000000000000000000000000000000000000000000000000000000000000000000000000000000000000000000000000000000000000000000000000000000000000000000000000000000000000000000000000000000.000000
21 1544612109 30667.000000 -1.000000 30667.000000 30667.000000 19199087815681660000000000000000000000000000000000000000000000000000000000000000000000000000000000000000000000000000000000000000000000000000000000000000000000000000000000000000000000000000000000000000000000000000000000000000000000000000000000000000000000000000000000000000000.000000
21 1544612108 30667.000000 -1.000000 30667.000000 30667.000000 19199087815681660000000000000000000000000000000000000000000000000000000000000000000000000000000000000000000000000000000000000000000000000000000000000000000000000000000000000000000000000000000000000000000000000000000000000000000000000000000000000000000000000000000000000000000.000000
21 1544612107 30667.000000 -1.000000 30667.000000 30667.000000 19199087815681660000000000000000000000000000000000000000000000000000000000000000000000000000000000000000000000000000000000000000000000000000000000000000000000000000000000000000000000000000000000000000000000000000000000000000000000000000000000000000000000000000000000000000000.000000
21 1544612106 20159.800000 -1.000000 20159.800000 20159.800000 8296796675271655100000000000000000000000000000000000000000000000000000000000000000000000000000000000000000000000000000000000000000000000000000000000000000000000000000000000000000000000000000000000000000000000000000000000000000000000000000000000000000000000000000000000000000.000000
21 1544612105 20159.800000 -1.000000 20159.800000 20159.800000 8296796675271655100000000000000000000000000000000000000000000000000000000000000000000000000000000000000000000000000000000000000000000000000000000000000000000000000000000000000000000000000000000000000000000000000000000000000000000000000000000000000000000000000000000000000000.000000
21 1544612104 20159.800000 -1.000000 20159.800000 20159.800000 8296796675271655100000000000000000000000000000000000000000000000000000000000000000000000000000000000000000000000000000000000000000000000000000000000000000000000000000000000000000000000000000000000000000000000000000000000000000000000000000000000000000000000000000000000000000.000000
21 1544612103 20159.800000 -1.000000 20159.800000 20159.800000 8296796675271655100000000000000000000000000000000000000000000000000000000000000000000000000000000000000000000000000000000000000000000000000000000000000000000000000000000000000000000000000000000000000000000000000000000000000000000000000000000000000000000000000000000000000000.000000
21 1544612102 20159.800000 -1.000000 20159.800000 20159.800000 8296796675271655100000000000000000000000000000000000000000000000000000000000000000000000000000000000000000000000000000000000000000000000000000000000000000000000000000000000000000000000000000000000000000000000000000000000000000000000000000000000000000000000000000000000000000.000000
21 1544612101 18220.000000 -1.000000 18220.000000 18220.000000 6776957373079917700000000000000000000000000000000000000000000000000000000000000000000000000000000000000000000000000000000000000000000000000000000000000000000000000000000000000000000000000000000000000000000000000000000000000000000000000000000000000000000000000000000000000000.000000
21 1544612100 18220.000000 -1.000000 18220.000000 18220.000000 6776957373079917700000000000000000000000000000000000000000000000000000000000000000000000000000000000000000000000000000000000000000000000000000000000000000000000000000000000000000000000000000000000000000000000000000000000000000000000000000000000000000000000000000000000000000.000000
21 1544612099 18220.000000 -1.000000 18220.000000 18220.000000 6776957373079917700000000000000000000000000000000000000000000000000000000000000000000000000000000000000000000000000000000000000000000000000000000000000000000000000000000000000000000000000000000000000000000000000000000000000000000000000000000000000000000000000000000000000000.000000
21 1544612098 18220.000000 -1.000000 18220.000000 18220.000000 6776957373079917700000000000000000000000000000000000000000000000000000000000000000000000000000000000000000000000000000000000000000000000000000000000000000000000000000000000000000000000000000000000000000000000000000000000000000000000000000000000000000000000000000000000000000.000000
21 1544612097 18220.000000 -1.000000 18220.000000 18220.000000 6776957373079917700000000000000000000000000000000000000000000000000000000000000000000000000000000000000000000000000000000000000000000000000000000000000000000000000000000000000000000000000000000000000000000000000000000000000000000000000000000000000000000000000000000000000000.000000
21 1544612096 23321.600000 -1.000000 23321.600000 23321.600000 11103366960054135000000000000000000000000000000000000000000000000000000000000000000000000000000000000000000000000000000000000000000000000000000000000000000000000000000000000000000000000000000000000000000000000000000000000000000000000000000000000000000000000000000000000000000.000000
21 1544612095 23321.600000 -1.000000 23321.600000 23321.600000 11103366960054135000000000000000000000000000000000000000000000000000000000000000000000000000000000000000000000000000000000000000000000000000000000000000000000000000000000000000000000000000000000000000000000000000000000000000000000000000000000000000000000000000000000000000000.000000
21 1544612094 23321.600000 -1.000000 23321.600000 23321.600000 11103366960054135000000000000000000000000000000000000000000000000000000000000000000000000000000000000000000000000000000000000000000000000000000000000000000000000000000000000000000000000000000000000000000000000000000000000000000000000000000000000000000000000000000000000000000.000000
21 1544612093 23321.600000 -1.000000 23321.600000 23321.600000 11103366960054135000000000000000000000000000000000000000000000000000000000000000000000000000000000000000000000000000000000000000000000000000000000000000000000000000000000000000000000000000000000000000000000000000000000000000000000000000000000000000000000000000000000000000000.000000
21 1544612092 23321.600000 -1.000000 23321.600000 23321.600000 11103366960054135000000000000000000000000000000000000000000000000000000000000000000000000000000000000000000000000000000000000000000000000000000000000000000000000000000000000000000000000000000000000000000000000000000000000000000000000000000000000000000000000000000000000000000.000000
21 1544612091 29648.600000 -1.000000 29648.600000 29648.600000 17945120976867596000000000000000000000000000000000000000000000000000000000000000000000000000000000000000000000000000000000000000000000000000000000000000000000000000000000000000000000000000000000000000000000000000000000000000000000000000000000000000000000000000000000000000000.000000
21 1544612090 29648.600000 -1.000000 29648.600000 29648.600000 17945120976867596000000000000000000000000000000000000000000000000000000000000000000000000000000000000000000000000000000000000000000000000000000000000000000000000000000000000000000000000000000000000000000000000000000000000000000000000000000000000000000000000000000000000000000.000000
21 1544612089 29648.600000 -1.000000 29648.600000 29648.600000 17945120976867596000000000000000000000000000000000000000000000000000000000000000000000000000000000000000000000000000000000000000000000000000000000000000000000000000000000000000000000000000000000000000000000000000000000000000000000000000000000000000000000000000000000000000000.000000
21 1544612088 29648.600000 -1.000000 29648.600000 29648.600000 17945120976867596000000000000000000000000000000000000000000000000000000000000000000000000000000000000000000000000000000000000000000000000000000000000000000000000000000000000000000000000000000000000000000000000000000000000000000000000000000000000000000000000000000000000000000.000000
21 1544612087 29648.600000 -1.000000 29648.600000 29648.600000 17945120976867596000000000000000000000000000000000000000000000000000000000000000000000000000000000000000000000000000000000000000000000000000000000000000000000000000000000000000000000000000000000000000000000000000000000000000000000000000000000000000000000000000000000000000000.000000
21 1544612086 19027.000000 -1.000000 19027.000000 19027.000000 7390582086573768200000000000000000000000000000000000000000000000000000000000000000000000000000000000000000000000000000000000000000000000000000000000000000000000000000000000000000000000000000000000000000000000000000000000000000000000000000000000000000000000000000000000000000.000000
21 1544612085 19027.000000 -1.000000 19027.000000 19027.000000 7390582086573768200000000000000000000000000000000000000000000000000000000000000000000000000000000000000000000000000000000000000000000000000000000000000000000000000000000000000000000000000000000000000000000000000000000000000000000000000000000000000000000000000000000000000000.000000
21 1544612084 19027.000000 -1.000000 19027.000000 19027.000000 7390582086573768200000000000000000000000000000000000000000000000000000000000000000000000000000000000000000000000000000000000000000000000000000000000000000000000000000000000000000000000000000000000000000000000000000000000000000000000000000000000000000000000000000000000000000.000000
21 1544612083 19027.000000 -1.000000 19027.000000 19027.000000 7390582086573768200000000000000000000000000000000000000000000000000000000000000000000000000000000000000000000000000000000000000000000000000000000000000000000000000000000000000000000000000000000000000000000000000000000000000000000000000000000000000000000000000000000000000000.000000
21 1544612082 19027.000000 -1.000000 19027.000000 19027.000000 7390582086573768200000000000000000000000000000000000000000000000000000000000000000000000000000000000000000000000000000000000000000000000000000000000000000000000000000000000000000000000000000000000000000000000000000000000000000000000000000000000000000000000000000000000000000.000000
21 1544612081 19210.400000 -1.000000 19210.400000 19210.400000 7533743406614616200000000000000000000000000000000000000000000000000000000000000000000000000000000000000000000000000000000000000000000000000000000000000000000000000000000000000000000000000000000000000000000000000000000000000000000000000000000000000000000000000000000000000000.000000
21 1544612080 19210.400000 -1.000000 19210.400000 19210.400000 7533743406614616200000000000000000000000000000000000000000000000000000000000000000000000000000000000000000000000000000000000000000000000000000000000000000000000000000000000000000000000000000000000000000000000000000000000000000000000000000000000000000000000000000000000000000.000000
21 1544612079 19210.400000 -1.000000 19210.400000 19210.400000 7533743406614616200000000000000000000000000000000000000000000000000000000000000000000000000000000000000000000000000000000000000000000000000000000000000000000000000000000000000000000000000000000000000000000000000000000000000000000000000000000000000000000000000000000000000000.000000
21 1544612078 19210.400000 -1.000000 19210.400000 19210.400000 7533743406614616200000000000000000000000000000000000000000000000000000000000000000000000000000000000000000000000000000000000000000000000000000000000000000000000000000000000000000000000000000000000000000000000000000000000000000000000000000000000000000000000000000000000000000.000000
21 1544612077 19210.400000 -1.000000 19210.400000 19210.400000 7533743406614616200000000000000000000000000000000000000000000000000000000000000000000000000000000000000000000000000000000000000000000000000000000000000000000000000000000000000000000000000000000000000000000000000000000000000000000000000000000000000000000000000000000000000000.000000
21 1544612076 19320.000000 -1.000000 19320.000000 19320.000000 7619952302006773400000000000000000000000000000000000000000000000000000000000000000000000000000000000000000000000000000000000000000000000000000000000000000000000000000000000000000000000000000000000000000000000000000000000000000000000000000000000000000000000000000000000000000.000000
21 1544612075 19320.000000 -1.000000 19320.000000 19320.000000 7619952302006773400000000000000000000000000000000000000000000000000000000000000000000000000000000000000000000000000000000000000000000000000000000000000000000000000000000000000000000000000000000000000000000000000000000000000000000000000000000000000000000000000000000000000000.000000
21 1544612074 19320.000000 -1.000000 19320.000000 19320.000000 7619952302006773400000000000000000000000000000000000000000000000000000000000000000000000000000000000000000000000000000000000000000000000000000000000000000000000000000000000000000000000000000000000000000000000000000000000000000000000000000000000000000000000000000000000000000.000000
21 1544612073 19320.000000 -1.000000 19320.000000 19320.000000 7619952302006773400000000000000000000000000000000000000000000000000000000000000000000000000000000000000000000000000000000000000000000000000000000000000000000000000000000000000000000000000000000000000000000000000000000000000000000000000000000000000000000000000000000000000000.000000
21 1544612072 19320.000000 -1.000000 19320.000000 19320.000000 7619952302006773400000000000000000000000000000000000000000000000000000000000000000000000000000000000000000000000000000000000000000000000000000000000000000000000000000000000000000000000000000000000000000000000000000000000000000000000000000000000000000000000000000000000000000.000000
21 1544612071 32060.600000 -1.000000 32060.600000 32060.600000 20983662869528443000000000000000000000000000000000000000000000000000000000000000000000000000000000000000000000000000000000000000000000000000000000000000000000000000000000000000000000000000000000000000000000000000000000000000000000000000000000000000000000000000000000000000000.000000
21 1544612070 32060.600000 -1.000000 32060.600000 32060.600000 20983662869528443000000000000000000000000000000000000000000000000000000000000000000000000000000000000000000000000000000000000000000000000000000000000000000000000000000000000000000000000000000000000000000000000000000000000000000000000000000000000000000000000000000000000000000.000000
21 1544612069 32060.600000 -1.000000 32060.600000 32060.600000 20983662869528443000000000000000000000000000000000000000000000000000000000000000000000000000000000000000000000000000000000000000000000000000000000000000000000000000000000000000000000000000000000000000000000000000000000000000000000000000000000000000000000000000000000000000000.000000
21 1544612068 32060.600000 -1.000000 32060.600000 32060.600000 20983662869528443000000000000000000000000000000000000000000000000000000000000000000000000000000000000000000000000000000000000000000000000000000000000000000000000000000000000000000000000000000000000000000000000000000000000000000000000000000000000000000000000000000000000000000.000000
21 1544612067 32060.600000 -1.000000 32060.600000 32060.600000 20983662869528443000000000000000000000000000000000000000000000000000000000000000000000000000000000000000000000000000000000000000000000000000000000000000000000000000000000000000000000000000000000000000000000000000000000000000000000000000000000000000000000000000000000000000000.000000
21 1544612066 16259.000000 -1.000000 16259.000000 16259.000000 5396667620454503700000000000000000000000000000000000000000000000000000000000000000000000000000000000000000000000000000000000000000000000000000000000000000000000000000000000000000000000000000000000000000000000000000000000000000000000000000000000000000000000000000000000000000.000000
21 1544612065 16259.000000 -1.000000 16259.000000 16259.000000 5396667620454503700000000000000000000000000000000000000000000000000000000000000000000000000000000000000000000000000000000000000000000000000000000000000000000000000000000000000000000000000000000000000000000000000000000000000000000000000000000000000000000000000000000000000000.000000
21 1544612064 16259.000000 -1.000000 16259.000000 16259.000000 5396667620454503700000000000000000000000000000000000000000000000000000000000000000000000000000000000000000000000000000000000000000000000000000000000000000000000000000000000000000000000000000000000000000000000000000000000000000000000000000000000000000000000000000000000000000.000000
21 1544612063 16259.000000 -1.000000 16259.000000 16259.000000 5396667620454503700000000000000000000000000000000000000000000000000000000000000000000000000000000000000000000000000000000000000000000000000000000000000000000000000000000000000000000000000000000000000000000000000000000000000000000000000000000000000000000000000000000000000000.000000
21 1544612062 16259.000000 -1.000000 16259.000000 16259.000000 5396667620454503700000000000000000000000000000000000000000000000000000000000000000000000000000000000000000000000000000000000000000000000000000000000000000000000000000000000000000000000000000000000000000000000000000000000000000000000000000000000000000000000000000000000000000.000000
