235 1545616074 1152213.000000 -1.000000 -101.000000 0.000000 0.000000
235 1545616075 1152213.000000 -1.000000 -101.000000 0.000000 0.000000
235 1545616076 1152213.000000 -1.000000 -101.000000 0.000000 0.000000
235 1545616077 1152213.000000 -1.000000 -101.000000 0.000000 0.000000
235 1545616078 1152213.000000 -1.000000 -101.000000 0.000000 0.000000
235 1545616079 1134353.800000 -1.000000 -101.000000 0.000000 0.000000
235 1545616080 1134353.800000 -1.000000 -101.000000 0.000000 0.000000
235 1545616081 1134353.800000 -1.000000 -101.000000 0.000000 0.000000
235 1545616082 1134353.800000 -1.000000 -101.000000 0.000000 0.000000
235 1545616083 1134353.800000 -1.000000 -101.000000 0.000000 0.000000
235 1545616084 943170.200000 -1.000000 -101.000000 0.000000 0.000000
235 1545616085 943170.200000 -1.000000 -101.000000 0.000000 0.000000
235 1545616086 943170.200000 -1.000000 -101.000000 0.000000 0.000000
235 1545616087 943170.200000 -1.000000 -101.000000 0.000000 0.000000
235 1545616088 943170.200000 -1.000000 -101.000000 0.000000 0.000000
235 1545616089 883092.800000 -1.000000 -101.000000 0.000000 0.000000
235 1545616090 883092.800000 -1.000000 -101.000000 0.000000 0.000000
235 1545616091 883092.800000 -1.000000 -101.000000 0.000000 0.000000
235 1545616092 883092.800000 -1.000000 -101.000000 0.000000 0.000000
235 1545616093 883092.800000 -1.000000 -101.000000 0.000000 0.000000
235 1545616094 960818.600000 -1.000000 -101.000000 0.000000 0.000000
235 1545616095 960818.600000 -1.000000 -101.000000 0.000000 0.000000
235 1545616096 960818.600000 -1.000000 -101.000000 0.000000 0.000000
235 1545616097 960818.600000 -1.000000 -101.000000 0.000000 0.000000
235 1545616098 960818.600000 -1.000000 -101.000000 0.000000 0.000000
235 1545616099 746778.400000 -1.000000 -101.000000 0.000000 0.000000
235 1545616100 746778.400000 -1.000000 -101.000000 0.000000 0.000000
235 1545616101 746778.400000 -1.000000 -101.000000 0.000000 0.000000
235 1545616102 746778.400000 -1.000000 -101.000000 0.000000 0.000000
235 1545616103 746778.400000 -1.000000 -101.000000 0.000000 0.000000
235 1545616104 875485.600000 -1.000000 -101.000000 0.000000 0.000000
235 1545616105 875485.600000 -1.000000 -101.000000 0.000000 0.000000
235 1545616106 875485.600000 -1.000000 -101.000000 0.000000 0.000000
235 1545616107 875485.600000 -1.000000 -101.000000 0.000000 0.000000
235 1545616108 875485.600000 -1.000000 -101.000000 0.000000 0.000000
235 1545616109 1215788.000000 -1.000000 -101.000000 0.000000 0.000000
235 1545616110 1215788.000000 -1.000000 -101.000000 0.000000 0.000000
235 1545616111 1215788.000000 -1.000000 -101.000000 0.000000 0.000000
235 1545616112 1215788.000000 -1.000000 -101.000000 0.000000 0.000000
235 1545616113 1215788.000000 -1.000000 -101.000000 0.000000 0.000000
235 1545616114 1108727.800000 -1.000000 -101.000000 0.000000 0.000000
235 1545616115 1108727.800000 -1.000000 -101.000000 0.000000 0.000000
235 1545616116 1108727.800000 -1.000000 -101.000000 0.000000 0.000000
235 1545616117 1108727.800000 -1.000000 -101.000000 0.000000 0.000000
235 1545616118 1108727.800000 -1.000000 -101.000000 0.000000 0.000000
235 1545616119 1079093.800000 -1.000000 -101.000000 0.000000 0.000000
235 1545616120 1079093.800000 -1.000000 -101.000000 0.000000 0.000000
235 1545616121 1079093.800000 -1.000000 -101.000000 0.000000 0.000000
235 1545616122 1079093.800000 -1.000000 -101.000000 0.000000 0.000000
235 1545616123 1079093.800000 -1.000000 -101.000000 0.000000 0.000000
235 1545616124 1138685.000000 -1.000000 -101.000000 0.000000 0.000000
235 1545616125 1138685.000000 -1.000000 -101.000000 0.000000 0.000000
235 1545616126 1138685.000000 -1.000000 -101.000000 0.000000 0.000000
235 1545616127 1138685.000000 -1.000000 -101.000000 0.000000 0.000000
235 1545616128 1138685.000000 -1.000000 -101.000000 0.000000 0.000000
235 1545616129 822714.000000 -1.000000 -101.000000 0.000000 0.000000
235 1545616130 822714.000000 -1.000000 -101.000000 0.000000 0.000000
235 1545616131 822714.000000 -1.000000 -101.000000 0.000000 0.000000
235 1545616132 822714.000000 -1.000000 -101.000000 0.000000 0.000000
235 1545616133 822714.000000 -1.000000 -101.000000 0.000000 0.000000
235 1545616134 689400.400000 -1.000000 -101.000000 0.000000 0.000000
235 1545616135 689400.400000 -1.000000 -101.000000 0.000000 0.000000
235 1545616136 689400.400000 -1.000000 -101.000000 0.000000 0.000000
235 1545616137 689400.400000 -1.000000 -101.000000 0.000000 0.000000
235 1545616138 689400.400000 -1.000000 -101.000000 0.000000 0.000000
235 1545616139 1207564.400000 -1.000000 -101.000000 0.000000 0.000000
235 1545616140 1207564.400000 -1.000000 -101.000000 0.000000 0.000000
235 1545616141 1207564.400000 -1.000000 -101.000000 0.000000 0.000000
235 1545616142 1207564.400000 -1.000000 -101.000000 0.000000 0.000000
235 1545616143 1207564.400000 -1.000000 -101.000000 0.000000 0.000000
235 1545616144 1333240.200000 -1.000000 -101.000000 0.000000 0.000000
235 1545616145 1333240.200000 -1.000000 -101.000000 0.000000 0.000000
235 1545616208 1611031.600000 -1.000000 1611031.600000 1611031.600000 0.000000
235 1545616207 1611031.600000 -1.000000 1611031.600000 1611031.600000 0.000000
235 1545616206 1611031.600000 -1.000000 1611031.600000 1611031.600000 0.000000
235 1545616205 1611031.600000 -1.000000 1611031.600000 1611031.600000 0.000000
235 1545616204 1611031.600000 -1.000000 1611031.600000 1611031.600000 0.000000
235 1545616203 959966.000000 -1.000000 959966.000000 959966.000000 0.000000
235 1545616202 959966.000000 -1.000000 959966.000000 959966.000000 0.000000
235 1545616201 959966.000000 -1.000000 959966.000000 959966.000000 0.000000
235 1545616200 959966.000000 -1.000000 959966.000000 959966.000000 0.000000
235 1545616199 959966.000000 -1.000000 959966.000000 959966.000000 0.000000
235 1545616198 1378792.400000 -1.000000 1378792.400000 1378792.400000 0.000000
235 1545616197 1378792.400000 -1.000000 1378792.400000 1378792.400000 0.000000
235 1545616196 1378792.400000 -1.000000 1378792.400000 1378792.400000 0.000000
235 1545616195 1378792.400000 -1.000000 1378792.400000 1378792.400000 0.000000
235 1545616194 1378792.400000 -1.000000 1378792.400000 1378792.400000 0.000000
235 1545616193 1099652.200000 -1.000000 1099652.200000 1099652.200000 0.000000
235 1545616192 1099652.200000 -1.000000 1099652.200000 1099652.200000 0.000000
235 1545616191 1099652.200000 -1.000000 1099652.200000 1099652.200000 0.000000
235 1545616190 1099652.200000 -1.000000 1099652.200000 1099652.200000 0.000000
235 1545616189 1099652.200000 -1.000000 1099652.200000 1099652.200000 0.000000
235 1545616188 573043.000000 -1.000000 573043.000000 573043.000000 0.000000
235 1545616187 573043.000000 -1.000000 573043.000000 573043.000000 0.000000
235 1545616186 573043.000000 -1.000000 573043.000000 573043.000000 0.000000
235 1545616185 573043.000000 -1.000000 573043.000000 573043.000000 0.000000
235 1545616184 573043.000000 -1.000000 573043.000000 573043.000000 0.000000
235 1545616183 1204010.800000 -1.000000 1204010.800000 1204010.800000 0.000000
235 1545616182 1204010.800000 -1.000000 1204010.800000 1204010.800000 0.000000
235 1545616181 1204010.800000 -1.000000 1204010.800000 1204010.800000 0.000000
235 1545616180 1204010.800000 -1.000000 1204010.800000 1204010.800000 0.000000
235 1545616179 1204010.800000 -1.000000 1204010.800000 1204010.800000 0.000000
235 1545616178 967350.200000 -1.000000 967350.200000 967350.200000 0.000000
235 1545616177 967350.200000 -1.000000 967350.200000 967350.200000 0.000000
235 1545616176 967350.200000 -1.000000 967350.200000 967350.200000 0.000000
235 1545616175 967350.200000 -1.000000 967350.200000 967350.200000 0.000000
235 1545616174 967350.200000 -1.000000 967350.200000 967350.200000 0.000000
235 1545616173 893780.200000 -1.000000 893780.200000 893780.200000 0.000000
235 1545616172 893780.200000 -1.000000 893780.200000 893780.200000 0.000000
235 1545616171 893780.200000 -1.000000 893780.200000 893780.200000 0.000000
235 1545616170 893780.200000 -1.000000 893780.200000 893780.200000 0.000000
235 1545616169 893780.200000 -1.000000 893780.200000 893780.200000 0.000000
235 1545616168 1272713.000000 -1.000000 1272713.000000 1272713.000000 0.000000
235 1545616167 1272713.000000 -1.000000 1272713.000000 1272713.000000 0.000000
235 1545616166 1272713.000000 -1.000000 1272713.000000 1272713.000000 0.000000
235 1545616165 1272713.000000 -1.000000 1272713.000000 1272713.000000 0.000000
235 1545616164 1272713.000000 -1.000000 1272713.000000 1272713.000000 0.000000
235 1545616163 877491.800000 -1.000000 877491.800000 877491.800000 0.000000
235 1545616162 877491.800000 -1.000000 877491.800000 877491.800000 0.000000
235 1545616161 877491.800000 -1.000000 877491.800000 877491.800000 0.000000
235 1545616160 877491.800000 -1.000000 877491.800000 877491.800000 0.000000
235 1545616159 877491.800000 -1.000000 877491.800000 877491.800000 0.000000
235 1545616158 1074165.000000 -1.000000 1074165.000000 1074165.000000 0.000000
235 1545616157 1074165.000000 -1.000000 1074165.000000 1074165.000000 0.000000
235 1545616156 1074165.000000 -1.000000 1074165.000000 1074165.000000 0.000000
235 1545616155 1074165.000000 -1.000000 1074165.000000 1074165.000000 0.000000
235 1545616154 1074165.000000 -1.000000 1074165.000000 1074165.000000 0.000000
235 1545616153 1031648.400000 -1.000000 1031648.400000 1031648.400000 0.000000
235 1545616152 1031648.400000 -1.000000 1031648.400000 1031648.400000 0.000000
235 1545616151 1031648.400000 -1.000000 1031648.400000 1031648.400000 0.000000
235 1545616150 1031648.400000 -1.000000 1031648.400000 1031648.400000 0.000000
235 1545616149 1031648.400000 -1.000000 1031648.400000 1031648.400000 0.000000
235 1545616148 1333240.200000 -1.000000 1333240.200000 1333240.200000 0.000000
235 1545616147 1333240.200000 -1.000000 1333240.200000 1333240.200000 0.000000
235 1545616146 1333240.200000 -1.000000 1333240.200000 1333240.200000 0.000000
